jinyu 20240902

wavelength (microns), Re(eps)
1.6, 2.28243
1.59914, 2.28244
1.5957, 2.28249
1.59309, 2.28253
1.59226, 2.28254
1.58883, 2.28259
1.58624, 2.28263
1.58539, 2.28265
1.58195, 2.2827
1.57945, 2.28273
1.57851, 2.28275
1.57507, 2.2828
1.57271, 2.28283
1.57163, 2.28285
1.56819, 2.2829
1.56604, 2.28294
1.56475, 2.28296
1.56131, 2.28301
1.55941, 2.28304
1.55787, 2.28306
1.55442, 2.28312
1.55285, 2.28314
1.55098, 2.28317
1.54754, 2.28322
1.54634, 2.28324
1.5441, 2.28328
1.54065, 2.28333
1.53988, 2.28335
1.53721, 2.28339
1.53377, 2.28345
1.53348, 2.28345
1.53032, 2.2835
1.52713, 2.28355
1.52688, 2.28356
1.52344, 2.28361
1.52084, 2.28366
1.51999, 2.28367
1.51655, 2.28373
1.51459, 2.28376
1.5131, 2.28379
1.50966, 2.28385
1.5084, 2.28387
1.50621, 2.2839
1.50276, 2.28396
1.50226, 2.28397
1.49932, 2.28402
1.49616, 2.28408
1.49587, 2.28408
1.49243, 2.28414
1.49012, 2.28418
1.48898, 2.2842
1.48553, 2.28427
1.48412, 2.28429
1.48208, 2.28433
1.47864, 2.28439
1.47818, 2.2844
1.47519, 2.28445
1.47228, 2.2845
1.47174, 2.28451
1.46829, 2.28458
1.46642, 2.28461
1.46484, 2.28464
1.46139, 2.2847
1.46062, 2.28472
1.45794, 2.28477
1.45485, 2.28483
1.45449, 2.28483
1.45104, 2.2849
1.44914, 2.28494
1.44759, 2.28497
1.44414, 2.28503
1.44347, 2.28504
1.44069, 2.2851
1.43784, 2.28515
1.43724, 2.28517
1.43379, 2.28523
1.43226, 2.28526
1.43034, 2.2853
1.42689, 2.28537
1.42672, 2.28537
1.42344, 2.28544
1.42122, 2.28548
1.41999, 2.28551
1.41653, 2.28558
1.41577, 2.28559
1.41308, 2.28565
1.41035, 2.2857
1.40963, 2.28572
1.40618, 2.28579
1.40498, 2.28582
1.40272, 2.28586
1.39965, 2.28593
1.39927, 2.28594
1.39582, 2.28601
1.39436, 2.28604
1.39236, 2.28608
1.38911, 2.28615
1.38891, 2.28616
1.38546, 2.28623
1.3839, 2.28626
1.382, 2.28631
1.37872, 2.28638
1.37855, 2.28638
1.37509, 2.28646
1.37359, 2.28649
1.37164, 2.28653
1.36849, 2.2866
1.36818, 2.28661
1.36473, 2.28669
1.36343, 2.28672
1.36127, 2.28677
1.35841, 2.28683
1.35782, 2.28685
1.35436, 2.28693
1.35343, 2.28695
1.35091, 2.28701
1.34848, 2.28706
1.34745, 2.28709
1.34399, 2.28717
1.34357, 2.28718
1.34054, 2.28725
1.33869, 2.28729
1.33708, 2.28733
1.33385, 2.28741
1.33362, 2.28742
1.33017, 2.2875
1.32905, 2.28753
1.32671, 2.28758
1.32428, 2.28764
1.32325, 2.28767
1.31979, 2.28775
1.31954, 2.28776
1.31634, 2.28784
1.31483, 2.28788
1.31288, 2.28793
1.31016, 2.28799
1.30942, 2.28801
1.30596, 2.2881
1.30553, 2.28811
1.30251, 2.28819
1.30092, 2.28823
1.29905, 2.28828
1.29635, 2.28835
1.29559, 2.28837
1.29213, 2.28846
1.29181, 2.28847
1.28867, 2.28855
1.2873, 2.28859
1.28521, 2.28864
1.28283, 2.28871
1.28175, 2.28874
1.27838, 2.28883
1.27829, 2.28883
1.27484, 2.28892
1.27396, 2.28895
1.27138, 2.28902
1.26958, 2.28907
1.26792, 2.28911
1.26522, 2.28919
1.26446, 2.28921
1.261, 2.28931
1.2609, 2.28931
1.25754, 2.28941
1.2566, 2.28943
1.25408, 2.2895
1.25234, 2.28955
1.25062, 2.2896
1.2481, 2.28968
1.24716, 2.2897
1.24389, 2.2898
1.2437, 2.2898
1.24024, 2.28991
1.23971, 2.28992
1.23678, 2.29001
1.23556, 2.29004
1.23332, 2.29011
1.23143, 2.29017
1.22986, 2.29021
1.22734, 2.29029
1.22639, 2.29032
1.22327, 2.29042
1.22293, 2.29043
1.21947, 2.29053
1.21922, 2.29054
1.21601, 2.29064
1.21521, 2.29066
1.21255, 2.29075
1.21121, 2.29079
1.20909, 2.29086
1.20725, 2.29091
1.20563, 2.29097
1.20331, 2.29104
1.20217, 2.29108
1.1994, 2.29117
1.1987, 2.29119
1.19551, 2.29129
1.19524, 2.2913
1.19178, 2.29141
1.19165, 2.29142
1.18832, 2.29153
1.18781, 2.29155
1.18486, 2.29164
1.184, 2.29167
1.1814, 2.29176
1.18021, 2.2918
1.17793, 2.29188
1.17645, 2.29193
1.17447, 2.29199
1.17271, 2.29206
1.17101, 2.29211
1.16899, 2.29218
1.16755, 2.29223
1.1653, 2.29231
1.16409, 2.29235
1.16163, 2.29244
1.16062, 2.29248
1.15798, 2.29257
1.15716, 2.2926
1.15436, 2.2927
1.1537, 2.29272
1.15076, 2.29283
1.15024, 2.29285
1.14718, 2.29296
1.14677, 2.29297
1.14362, 2.29309
1.14331, 2.2931
1.14009, 2.29322
1.13985, 2.29323
1.13657, 2.29335
1.13639, 2.29336
1.13308, 2.29348
1.13292, 2.29349
1.12961, 2.29361
1.12946, 2.29362
1.12616, 2.29375
1.126, 2.29375
1.12273, 2.29388
1.12254, 2.29388
1.11933, 2.29401
1.11907, 2.29402
1.11594, 2.29414
1.11561, 2.29415
1.11258, 2.29427
1.11215, 2.29429
1.10923, 2.29441
1.10868, 2.29443
1.1059, 2.29454
1.10522, 2.29457
1.1026, 2.29467
1.10176, 2.29471
1.09931, 2.29481
1.0983, 2.29485
1.09605, 2.29494
1.09483, 2.29499
1.0928, 2.29508
1.09137, 2.29514
1.08957, 2.29521
1.08791, 2.29528
1.08636, 2.29535
1.08444, 2.29543
1.08317, 2.29548
1.08098, 2.29558
1.08, 2.29562
1.07752, 2.29572
1.07685, 2.29575
1.07405, 2.29588
1.07371, 2.29589
1.0706, 2.29603
1.07059, 2.29603
1.0675, 2.29616
1.06713, 2.29618
1.06442, 2.2963
1.06367, 2.29633
1.06135, 2.29644
1.0602, 2.29649
1.05831, 2.29657
1.05674, 2.29665
1.05528, 2.29671
1.05328, 2.2968
1.05227, 2.29685
1.04981, 2.29696
1.04928, 2.29699
1.04635, 2.29712
1.0463, 2.29713
1.04334, 2.29727
1.04289, 2.29729
1.0404, 2.2974
1.03943, 2.29745
1.03747, 2.29754
1.03596, 2.29762
1.03456, 2.29768
1.0325, 2.29778
1.03167, 2.29782
1.02904, 2.29795
1.02879, 2.29796
1.02593, 2.2981
1.02557, 2.29812
1.02309, 2.29824
1.02211, 2.29829
1.02026, 2.29838
1.01865, 2.29846
1.01744, 2.29852
1.01519, 2.29864
1.01464, 2.29867
1.01186, 2.29881
1.01172, 2.29881
1.00909, 2.29895
1.00634, 2.29909
1.0036, 2.29923
1.00088, 2.29937
0.999756, 2.29943
0.998208, 2.29952
0.998168, 2.29952
0.996659, 2.2996
0.995474, 2.29966
0.995109, 2.29968
0.99356, 2.29976
0.992795, 2.2998
0.99201, 2.29985
0.99046, 2.29993
0.99013, 2.29995
0.988909, 2.30001
0.987479, 2.30009
0.987359, 2.3001
0.985808, 2.30018
0.984843, 2.30023
0.984257, 2.30027
0.982705, 2.30035
0.98222, 2.30038
0.981154, 2.30044
0.979612, 2.30052
0.979602, 2.30052
0.97805, 2.30061
0.977017, 2.30067
0.976498, 2.30069
0.974945, 2.30078
0.974436, 2.30081
0.973392, 2.30087
0.971869, 2.30096
0.971839, 2.30096
0.970286, 2.30105
0.969315, 2.3011
0.968732, 2.30113
0.967178, 2.30122
0.966774, 2.30125
0.965624, 2.30131
0.964247, 2.30139
0.96407, 2.3014
0.962515, 2.30149
0.961733, 2.30154
0.96096, 2.30158
0.959405, 2.30167
0.959232, 2.30168
0.95785, 2.30176
0.956744, 2.30183
0.956294, 2.30186
0.954738, 2.30195
0.954269, 2.30198
0.953182, 2.30204
0.951806, 2.30212
0.951626, 2.30213
0.95007, 2.30223
0.949357, 2.30227
0.948513, 2.30232
0.946956, 2.30241
0.946919, 2.30242
0.945399, 2.30251
0.944495, 2.30256
0.943841, 2.3026
0.942284, 2.3027
0.942083, 2.30271
0.940726, 2.30279
0.939683, 2.30286
0.939168, 2.30289
0.937609, 2.30299
0.937295, 2.30301
0.936051, 2.30308
0.934919, 2.30315
0.934492, 2.30318
0.932933, 2.30328
0.932555, 2.3033
0.931373, 2.30338
0.930204, 2.30345
0.929814, 2.30347
0.928254, 2.30357
0.927864, 2.3036
0.926694, 2.30367
0.925536, 2.30375
0.925134, 2.30377
0.923573, 2.30387
0.923219, 2.3039
0.922013, 2.30397
0.920914, 2.30405
0.920452, 2.30408
0.918891, 2.30418
0.918621, 2.30419
0.917329, 2.30428
0.916339, 2.30434
0.915768, 2.30438
0.914206, 2.30448
0.914068, 2.30449
0.912644, 2.30459
0.911808, 2.30464
0.911082, 2.30469
0.90956, 2.30479
0.90952, 2.3048
0.907957, 2.3049
0.907323, 2.30494
0.906394, 2.30501
0.905096, 2.30509
0.904831, 2.30511
0.903268, 2.30522
0.902881, 2.30525
0.901704, 2.30533
0.900676, 2.3054
0.900141, 2.30543
0.898577, 2.30554
0.898482, 2.30555
0.897013, 2.30565
0.896299, 2.3057
0.895448, 2.30576
0.894126, 2.30585
0.893884, 2.30587
0.892319, 2.30598
0.891964, 2.306
0.890754, 2.30609
0.889813, 2.30615
0.889189, 2.3062
0.887671, 2.3063
0.887623, 2.30631
0.886058, 2.30642
0.88554, 2.30646
0.884492, 2.30653
0.883419, 2.30661
0.882926, 2.30664
0.88136, 2.30676
0.881309, 2.30676
0.879793, 2.30687
0.879208, 2.30691
0.878227, 2.30699
0.877117, 2.30707
0.87666, 2.3071
0.875093, 2.30722
0.875036, 2.30722
0.873526, 2.30733
0.872966, 2.30737
0.871958, 2.30745
0.870904, 2.30753
0.870391, 2.30756
0.868853, 2.30768
0.868823, 2.30768
0.867255, 2.3078
0.866811, 2.30783
0.865687, 2.30792
0.864779, 2.30799
0.864118, 2.30804
0.862756, 2.30814
0.86255, 2.30816
0.860981, 2.30828
0.860743, 2.30829
0.859412, 2.3084
0.858739, 2.30845
0.857843, 2.30852
0.856745, 2.3086
0.856273, 2.30864
0.854759, 2.30876
0.854704, 2.30876
0.853134, 2.30888
0.852783, 2.30891
0.851564, 2.30901
0.850816, 2.30907
0.849994, 2.30913
0.848858, 2.30922
0.848424, 2.30926
0.846909, 2.30938
0.846853, 2.30938
0.845282, 2.30951
0.844969, 2.30953
0.843711, 2.30963
0.843038, 2.30969
0.84214, 2.30976
0.841116, 2.30984
0.840569, 2.30989
0.839202, 2.31
0.838998, 2.31001
0.837426, 2.31014
0.837297, 2.31015
0.835854, 2.31027
0.835401, 2.31031
0.834282, 2.3104
0.833513, 2.31047
0.83271, 2.31053
0.831634, 2.31062
0.831138, 2.31066
0.829763, 2.31078
0.829565, 2.31079
0.827992, 2.31093
0.827901, 2.31093
0.82642, 2.31106
0.826047, 2.31109
0.824847, 2.31119
0.824201, 2.31125
0.823273, 2.31133
0.822363, 2.3114
0.8217, 2.31146
0.820534, 2.31156
0.820126, 2.3116
0.818713, 2.31172
0.818553, 2.31173
0.816979, 2.31187
0.816899, 2.31188
0.815405, 2.31201
0.815094, 2.31203
0.81383, 2.31214
0.813297, 2.31219
0.812256, 2.31228
0.811508, 2.31235
0.810681, 2.31242
0.809726, 2.31251
0.809106, 2.31256
0.807953, 2.31266
0.807531, 2.3127
0.806187, 2.31282
0.805956, 2.31284
0.804429, 2.31298
0.804381, 2.31298
0.802806, 2.31312
0.802678, 2.31314
0.80123, 2.31327
0.800935, 2.31329
0.799654, 2.31341
0.7992, 2.31345
0.798078, 2.31356
0.797472, 2.31361
0.796502, 2.3137
0.795752, 2.31377
0.794926, 2.31385
0.794039, 2.31393
0.793349, 2.31399
0.792333, 2.31409
0.791773, 2.31414
0.790635, 2.31425
0.790196, 2.31429
0.788944, 2.3144
0.788619, 2.31443
0.78726, 2.31456
0.787042, 2.31458
0.785583, 2.31472
0.785465, 2.31473
0.783914, 2.31488
0.783887, 2.31488
0.78231, 2.31503
0.782251, 2.31504
0.780732, 2.31519
0.780596, 2.3152
0.779154, 2.31534
0.778947, 2.31536
0.777576, 2.31549
0.777306, 2.31552
0.775998, 2.31565
0.775671, 2.31568
0.77442, 2.3158
0.774044, 2.31584
0.772841, 2.31596
0.772423, 2.316
0.771262, 2.31611
0.770809, 2.31616
0.769684, 2.31627
0.769201, 2.31632
0.768105, 2.31643
0.7676, 2.31648
0.766526, 2.31658
0.766006, 2.31664
0.764946, 2.31674
0.764419, 2.3168
0.763367, 2.3169
0.762838, 2.31696
0.761787, 2.31706
0.761264, 2.31712
0.760208, 2.31722
0.759696, 2.31728
0.758628, 2.31739
0.758134, 2.31744
0.757048, 2.31755
0.756579, 2.3176
0.755468, 2.31771
0.755031, 2.31776
0.753888, 2.31788
0.753488, 2.31792
0.752307, 2.31804
0.751952, 2.31808
0.750727, 2.31821
0.750423, 2.31824
0.749146, 2.31837
0.748899, 2.3184
0.747565, 2.31854
0.747382, 2.31856
0.745984, 2.31871
0.74587, 2.31872
0.744403, 2.31888
0.744365, 2.31888
0.742866, 2.31904
0.742822, 2.31905
0.741373, 2.3192
0.741241, 2.31922
0.739886, 2.31936
0.739659, 2.31939
0.738405, 2.31953
0.738077, 2.31956
0.736929, 2.31969
0.736496, 2.31973
0.73546, 2.31985
0.734914, 2.31991
0.733997, 2.32001
0.733332, 2.32008
0.732539, 2.32017
0.731749, 2.32026
0.731087, 2.32033
0.730167, 2.32043
0.729641, 2.32049
0.728585, 2.32061
0.7282, 2.32065
0.727002, 2.32079
0.726766, 2.32081
0.725419, 2.32097
0.725337, 2.32097
0.723913, 2.32114
0.723837, 2.32114
0.722495, 2.3213
0.722254, 2.32132
0.721083, 2.32146
0.720671, 2.32151
0.719676, 2.32162
0.719087, 2.32169
0.718274, 2.32178
0.717504, 2.32187
0.716878, 2.32194
0.71592, 2.32205
0.715488, 2.3221
0.714337, 2.32224
0.714103, 2.32226
0.712753, 2.32242
0.712723, 2.32243
0.711348, 2.32259
0.711169, 2.32261
0.709979, 2.32275
0.709585, 2.3228
0.708615, 2.32291
0.708001, 2.32298
0.707257, 2.32307
0.706417, 2.32317
0.705903, 2.32323
0.704833, 2.32336
0.704555, 2.32339
0.703248, 2.32355
0.703212, 2.32356
0.701874, 2.32372
0.701664, 2.32374
0.700541, 2.32388
0.700079, 2.32393
0.699213, 2.32404
0.698494, 2.32413
0.69789, 2.3242
0.696909, 2.32432
0.696572, 2.32436
0.695324, 2.32451
0.695259, 2.32452
0.693951, 2.32468
0.693739, 2.32471
0.692648, 2.32485
0.692154, 2.32491
0.691349, 2.32501
0.690569, 2.3251
0.690056, 2.32517
0.688983, 2.3253
0.688768, 2.32533
0.687484, 2.32549
0.687397, 2.3255
0.686205, 2.32565
0.685812, 2.3257
0.684931, 2.32581
0.684226, 2.3259
0.683661, 2.32597
0.68264, 2.3261
0.682396, 2.32613
0.681136, 2.32629
0.681054, 2.3263
0.679881, 2.32646
0.679468, 2.32651
0.67863, 2.32662
0.677882, 2.32671
0.677384, 2.32678
0.676295, 2.32692
0.676142, 2.32694
0.674905, 2.3271
0.674709, 2.32712
0.673672, 2.32726
0.673122, 2.32733
0.672444, 2.32742
0.671536, 2.32754
0.671221, 2.32758
0.670001, 2.32774
0.669949, 2.32775
0.668787, 2.3279
0.668362, 2.32796
0.667576, 2.32806
0.666775, 2.32817
0.66637, 2.32822
0.665188, 2.32838
0.665169, 2.32838
0.663971, 2.32854
0.663601, 2.32859
0.662778, 2.3287
0.662013, 2.3288
0.661589, 2.32886
0.660426, 2.32902
0.660405, 2.32902
0.659225, 2.32918
0.658839, 2.32923
0.658049, 2.32934
0.657251, 2.32945
0.656877, 2.3295
0.655709, 2.32966
0.655663, 2.32967
0.654545, 2.32982
0.654075, 2.32988
0.653386, 2.32998
0.652488, 2.3301
0.652231, 2.33014
0.651079, 2.3303
0.6509, 2.33032
0.649932, 2.33046
0.649312, 2.33054
0.648789, 2.33062
0.647723, 2.33077
0.64765, 2.33078
0.646515, 2.33093
0.646135, 2.33099
0.645384, 2.33109
0.644547, 2.33121
0.644256, 2.33125
0.643133, 2.33141
0.642958, 2.33144
0.642014, 2.33157
0.64137, 2.33166
0.640898, 2.33173
0.639787, 2.33189
0.639781, 2.33189
0.638679, 2.33204
0.638193, 2.33211
0.637575, 2.3322
0.636604, 2.33234
0.636475, 2.33236
0.635378, 2.33252
0.635015, 2.33257
0.634286, 2.33268
0.633426, 2.3328
0.633197, 2.33283
0.632112, 2.33299
0.631837, 2.33303
0.63103, 2.33315
0.630248, 2.33326
0.629953, 2.33331
0.628879, 2.33346
0.628659, 2.33349
0.627808, 2.33362
0.627069, 2.33373
0.626742, 2.33378
0.625678, 2.33393
0.62548, 2.33396
0.624619, 2.33409
0.623891, 2.3342
0.623563, 2.33425
0.622511, 2.3344
0.622301, 2.33443
0.621462, 2.33456
0.620711, 2.33467
0.620417, 2.33471
0.619375, 2.33487
0.619122, 2.33491
0.618337, 2.33503
0.617532, 2.33515
0.617302, 2.33518
0.61627, 2.33534
0.615942, 2.33539
0.615242, 2.33549
0.614352, 2.33563
0.614218, 2.33565
0.613197, 2.3358
0.612762, 2.33587
0.612179, 2.33596
0.611172, 2.33611
0.611165, 2.33611
0.610154, 2.33627
0.609582, 2.33635
0.609146, 2.33642
0.608142, 2.33657
0.607992, 2.3366
0.607141, 2.33673
0.606401, 2.33684
0.606143, 2.33688
0.605149, 2.33704
0.604811, 2.33709
0.604158, 2.33719
0.603221, 2.33733
0.60317, 2.33734
0.602185, 2.33749
0.60163, 2.33758
0.601204, 2.33765
0.600225, 2.3378
0.60004, 2.33783
0.59925, 2.33795
0.598449, 2.33808
0.598278, 2.33811
0.597309, 2.33826
0.596858, 2.33833
0.596344, 2.33841
0.595381, 2.33856
0.595267, 2.33858
0.594422, 2.33871
0.593677, 2.33883
0.593465, 2.33886
0.592512, 2.33901
0.592086, 2.33908
0.591562, 2.33917
0.590615, 2.33932
0.590495, 2.33934
0.58967, 2.33947
0.588904, 2.33959
0.588729, 2.33962
0.587791, 2.33977
0.587312, 2.33984
0.586856, 2.33992
0.585924, 2.34007
0.585721, 2.3401
0.584995, 2.34022
0.58413, 2.34035
0.584068, 2.34036
0.583145, 2.34051
0.582539, 2.34061
0.582224, 2.34066
0.581307, 2.34081
0.580947, 2.34087
0.580392, 2.34096
0.57948, 2.34111
0.579356, 2.34113
0.578571, 2.34125
0.577764, 2.34139
0.577665, 2.3414
0.576762, 2.34155
0.576173, 2.34165
0.575862, 2.3417
0.574964, 2.34184
0.574581, 2.34191
0.574069, 2.34199
0.573177, 2.34214
0.57299, 2.34217
0.572288, 2.34228
0.571401, 2.34243
0.571398, 2.34243
0.570518, 2.34257
0.569806, 2.34269
0.569636, 2.34272
0.568758, 2.34286
0.568214, 2.34295
0.567883, 2.34301
0.56701, 2.34315
0.566622, 2.34322
0.566139, 2.3433
0.565272, 2.34344
0.56503, 2.34348
0.564407, 2.34358
0.563544, 2.34373
0.563438, 2.34374
0.562685, 2.34387
0.561846, 2.34401
0.561828, 2.34401
0.560973, 2.34416
0.560254, 2.34428
0.560121, 2.3443
0.559272, 2.34444
0.558662, 2.34454
0.558426, 2.34458
0.557581, 2.34472
0.55707, 2.34481
0.55674, 2.34486
0.555901, 2.345
0.555478, 2.34508
0.555064, 2.34515
0.55423, 2.34529
0.553885, 2.34534
0.553399, 2.34543
0.55257, 2.34556
0.552293, 2.34561
0.551743, 2.3457
0.550919, 2.34584
0.550701, 2.34588
0.550098, 2.34598
0.549278, 2.34612
0.549108, 2.34615
0.548462, 2.34626
0.547647, 2.3464
0.547516, 2.34642
0.546835, 2.34653
0.546026, 2.34667
0.545923, 2.34669
0.545219, 2.34681
0.544414, 2.34694
0.544331, 2.34696
0.543612, 2.34708
0.542812, 2.34722
0.542738, 2.34723
0.542014, 2.34735
0.541219, 2.34749
0.541145, 2.3475
0.540426, 2.34762
0.539635, 2.34775
0.539553, 2.34777
0.538847, 2.34789
0.538061, 2.34802
0.53796, 2.34804
0.537277, 2.34816
0.536496, 2.34829
0.536367, 2.34831
0.535717, 2.34842
0.53494, 2.34855
0.534774, 2.34858
0.534165, 2.34869
0.533393, 2.34882
0.533181, 2.34885
0.532622, 2.34895
0.531854, 2.34908
0.531589, 2.34913
0.531089, 2.34921
0.530325, 2.34934
0.529996, 2.3494
0.529564, 2.34947
0.528805, 2.3496
0.528403, 2.34967
0.528048, 2.34973
0.527293, 2.34986
0.52681, 2.34994
0.52654, 2.34999
0.525789, 2.35011
0.525216, 2.35021
0.525041, 2.35024
0.524295, 2.35037
0.523623, 2.35048
0.523551, 2.3505
0.522809, 2.35062
0.522069, 2.35075
0.52203, 2.35075
0.521331, 2.35087
0.520595, 2.351
0.520437, 2.35103
0.519861, 2.35112
0.51913, 2.35125
0.518844, 2.3513
0.5184, 2.35137
0.517672, 2.3515
0.517251, 2.35157
0.516947, 2.35162
0.516223, 2.35174
0.515658, 2.35184
0.515502, 2.35186
0.514783, 2.35199
0.514065, 2.35211
0.514064, 2.35211
0.51335, 2.35223
0.512636, 2.35235
0.512471, 2.35238
0.511925, 2.35247
0.511215, 2.35259
0.510878, 2.35265
0.510508, 2.35271
0.509802, 2.35283
0.509284, 2.35292
0.509099, 2.35295
0.508397, 2.35306
0.507697, 2.35318
0.507691, 2.35318
0.506999, 2.3533
0.506303, 2.35342
0.506098, 2.35345
0.505609, 2.35353
0.504917, 2.35365
0.504504, 2.35372
0.504227, 2.35376
0.503539, 2.35388
0.502911, 2.35398
0.502852, 2.35399
0.502168, 2.35411
0.501485, 2.35422
0.501317, 2.35425
0.500804, 2.35434
0.500125, 2.35445
0.499448, 2.35456
0.498773, 2.35467
0.498099, 2.35478
0.497427, 2.3549
0.496757, 2.35501
0.496089, 2.35512
0.495423, 2.35523
0.494759, 2.35533
0.494096, 2.35544
0.493435, 2.35555
0.492776, 2.35566
0.492118, 2.35577
0.491463, 2.35587
0.490809, 2.35598
0.490156, 2.35608
0.489506, 2.35619
0.488857, 2.35629
0.48821, 2.3564
0.487565, 2.3565
0.486921, 2.35661
0.486279, 2.35671
0.485639, 2.35681
0.485001, 2.35691
0.484364, 2.35701
0.483728, 2.35711
0.483095, 2.35721
0.482463, 2.35731
0.481833, 2.35741
0.481204, 2.35751
0.480577, 2.35761
0.479952, 2.35771
0.479328, 2.35781
0.478706, 2.3579
0.478086, 2.358
0.477467, 2.35809
0.47685, 2.35819
0.476234, 2.35828
0.47562, 2.35838
0.475007, 2.35847
0.474397, 2.35856
0.473787, 2.35866
0.473179, 2.35875
0.472573, 2.35884
0.471969, 2.35893
0.471365, 2.35902
0.470764, 2.35911
0.470164, 2.3592
0.469565, 2.35929
0.468968, 2.35937
0.468373, 2.35946
0.467779, 2.35955
0.467186, 2.35963
0.466595, 2.35972
0.466006, 2.3598
0.465418, 2.35989
0.464831, 2.35997
0.464246, 2.36006
0.463663, 2.36014
0.463081, 2.36022
0.4625, 2.3603
0.461921, 2.36038
0.461343, 2.36046
0.460767, 2.36054
0.460192, 2.36062
0.459619, 2.3607
0.459047, 2.36078
0.458476, 2.36086
0.457907, 2.36093
0.457339, 2.36101
0.456773, 2.36109
0.456208, 2.36116
0.455644, 2.36123
0.455082, 2.36131
0.454521, 2.36138
0.453962, 2.36145
0.453404, 2.36153
0.452847, 2.3616
0.452292, 2.36167
0.451738, 2.36174
0.451186, 2.36181
0.450634, 2.36188
0.450084, 2.36195
0.449536, 2.36201
0.448989, 2.36208
0.448443, 2.36215
0.447898, 2.36221
0.447355, 2.36228
0.446813, 2.36234
0.446273, 2.36241
0.445733, 2.36247
0.445195, 2.36253
0.444659, 2.36259
0.444123, 2.36265
0.443589, 2.36272
0.443056, 2.36278
0.442525, 2.36283
0.441995, 2.36289
0.441466, 2.36295
0.440938, 2.36301
0.440411, 2.36307
0.439886, 2.36312
0.439362, 2.36318
0.43884, 2.36323
0.438318, 2.36329
0.437798, 2.36334
0.437279, 2.36339
0.436761, 2.36344
0.436245, 2.3635
0.435729, 2.36355
0.435215, 2.3636
0.434702, 2.36365
0.434191, 2.36369
0.43368, 2.36374
0.433171, 2.36379
0.432663, 2.36384
0.432156, 2.36388
0.43165, 2.36393
0.431145, 2.36397
0.430642, 2.36402
0.43014, 2.36406
0.429639, 2.3641
0.429139, 2.36414
0.42864, 2.36419
0.428143, 2.36423
0.427646, 2.36427
0.427151, 2.36431
0.426657, 2.36434
0.426164, 2.36438
0.425672, 2.36442
0.425182, 2.36446
0.424692, 2.36449
0.424204, 2.36453
0.423717, 2.36456
0.42323, 2.36459
0.422745, 2.36463
0.422261, 2.36466
0.421779, 2.36469
0.421297, 2.36472
0.420816, 2.36475
0.420337, 2.36478
0.419858, 2.36481
0.419381, 2.36484
0.418905, 2.36486
0.418429, 2.36489
0.417955, 2.36491
0.417482, 2.36494
0.41701, 2.36496
0.416539, 2.36499
0.416069, 2.36501
0.415601, 2.36503
0.415133, 2.36505
0.414666, 2.36507
0.414201, 2.36509
0.413736, 2.36511
0.413272, 2.36513
0.41281, 2.36515
0.412348, 2.36516
0.411888, 2.36518
0.411429, 2.36519
0.41097, 2.36521
0.410513, 2.36522
0.410056, 2.36524
0.409601, 2.36525
0.409147, 2.36526
0.408693, 2.36527
0.408241, 2.36528
0.40779, 2.36529
0.407339, 2.3653
0.40689, 2.36531
0.406442, 2.36531
0.405994, 2.36532
0.405548, 2.36532
0.405103, 2.36533
0.404658, 2.36533
0.404215, 2.36534
0.403772, 2.36534
0.403331, 2.36534
0.40289, 2.36534
0.402451, 2.36534
0.402012, 2.36534
0.401574, 2.36534
0.401138, 2.36534
0.400702, 2.36533
0.400267, 2.36533
0.399833, 2.36532
0.3994, 2.36532
0.398968, 2.36531
0.398537, 2.36531
0.398107, 2.3653
0.397678, 2.36529
0.39725, 2.36528
0.396822, 2.36527
0.396396, 2.36526
0.39597, 2.36525
0.395546, 2.36523
0.395122, 2.36522
0.394699, 2.36521
0.394277, 2.36519
0.393856, 2.36518
0.393436, 2.36516
0.393017, 2.36514
0.392599, 2.36512
0.392181, 2.36511
0.391765, 2.36509
0.391349, 2.36507
0.390934, 2.36504
0.39052, 2.36502
0.390107, 2.365
0.389695, 2.36498
0.389284, 2.36495
0.388874, 2.36493
0.388464, 2.3649
0.388055, 2.36487
0.387648, 2.36485
0.387241, 2.36482
0.386834, 2.36479
0.386429, 2.36476
0.386025, 2.36473
0.385621, 2.36469
0.385219, 2.36466
0.384817, 2.36463
0.384416, 2.36459
0.384015, 2.36456
0.383616, 2.36452
0.383217, 2.36449
0.38282, 2.36445
0.382423, 2.36441
0.382027, 2.36437
0.381632, 2.36433
0.381237, 2.36429
0.380843, 2.36425
0.380451, 2.36421
0.380059, 2.36416
0.379667, 2.36412
0.379277, 2.36407
0.378887, 2.36403
0.378499, 2.36398
0.378111, 2.36394
0.377724, 2.36389
0.377337, 2.36384
0.376951, 2.36379
0.376567, 2.36374
0.376183, 2.36369
0.375799, 2.36363
0.375417, 2.36358
0.375035, 2.36353
0.374654, 2.36347
0.374274, 2.36342
0.373895, 2.36336
0.373516, 2.3633
0.373138, 2.36324
0.372761, 2.36319
0.372385, 2.36313
0.372009, 2.36306
0.371635, 2.363
0.37126, 2.36294
0.370887, 2.36288
0.370515, 2.36281
0.370143, 2.36275
0.369772, 2.36268
0.369401, 2.36262
0.369032, 2.36255
0.368663, 2.36248
0.368295, 2.36241
0.367928, 2.36234
0.367561, 2.36227
0.367195, 2.3622
0.36683, 2.36213
0.366465, 2.36205
0.366102, 2.36198
0.365739, 2.3619
0.365376, 2.36183
0.365015, 2.36175
0.364654, 2.36167
0.364294, 2.3616
0.363934, 2.36152
0.363576, 2.36144
0.363218, 2.36136
0.36286, 2.36127
0.362504, 2.36119
0.362148, 2.36111
0.361793, 2.36102
0.361438, 2.36094
0.361084, 2.36085
0.360731, 2.36077
0.360379, 2.36068
0.360027, 2.36059
0.359676, 2.3605
0.359326, 2.36041
0.358976, 2.36032
0.358627, 2.36023
0.358279, 2.36013
0.357931, 2.36004
0.357584, 2.35995
0.357238, 2.35985
0.356892, 2.35975
0.356547, 2.35966
0.356203, 2.35956
0.355859, 2.35946
0.355516, 2.35936
0.355174, 2.35926
0.354832, 2.35916
0.354491, 2.35906
0.354151, 2.35895
0.353811, 2.35885
0.353472, 2.35874
0.353134, 2.35864
0.352796, 2.35853
0.352459, 2.35843
0.352122, 2.35832
0.351786, 2.35821
0.351451, 2.3581
0.351117, 2.35799
0.350783, 2.35788
0.350449, 2.35776
0.350117, 2.35765
0.349785, 2.35754
0.349453, 2.35742
0.349123, 2.35731
0.348793, 2.35719
0.348463, 2.35707
0.348134, 2.35695
0.347806, 2.35683
0.347478, 2.35671
0.347151, 2.35659
0.346825, 2.35647
0.346499, 2.35635
0.346174, 2.35622
0.345849, 2.3561
0.345525, 2.35597
0.345202, 2.35585
0.344879, 2.35572
0.344557, 2.35559
0.344235, 2.35547
0.343915, 2.35534
0.343594, 2.35521
0.343274, 2.35507
0.342955, 2.35494
0.342637, 2.35481
0.342319, 2.35468
0.342001, 2.35454
0.341684, 2.35441
0.341368, 2.35427
0.341053, 2.35413
0.340738, 2.35399
0.340423, 2.35386
0.340109, 2.35372
0.339796, 2.35358
0.339483, 2.35343
0.339171, 2.35329
0.338859, 2.35315
0.338548, 2.353
0.338238, 2.35286
0.337928, 2.35271
0.337619, 2.35257
0.33731, 2.35242
0.337002, 2.35227
0.336694, 2.35212
0.336387, 2.35197
0.336081, 2.35182
0.335775, 2.35167
0.335469, 2.35152
0.335165, 2.35137
0.33486, 2.35121
0.334557, 2.35106
0.334253, 2.3509
0.333951, 2.35074
0.333649, 2.35059
0.333347, 2.35043
0.333046, 2.35027
0.332746, 2.35011
0.332446, 2.34995
0.332147, 2.34979
0.331848, 2.34962
0.331549, 2.34946
0.331252, 2.3493
0.330955, 2.34913
0.330658, 2.34897
0.330362, 2.3488
0.330066, 2.34863
0.329771, 2.34846
0.329476, 2.34829
0.329182, 2.34812
0.328889, 2.34795
0.328596, 2.34778
0.328303, 2.34761
0.328011, 2.34744
0.32772, 2.34726
0.327429, 2.34709
0.327139, 2.34691
0.326849, 2.34673
0.32656, 2.34656
0.326271, 2.34638
0.325982, 2.3462
0.325694, 2.34602
0.325407, 2.34584
0.32512, 2.34566
0.324834, 2.34548
0.324548, 2.34529
0.324263, 2.34511
0.323978, 2.34492
0.323694, 2.34474
0.32341, 2.34455
0.323127, 2.34436
0.322844, 2.34418
0.322562, 2.34399
0.32228, 2.3438
0.321998, 2.34361
0.321718, 2.34341
0.321437, 2.34322
0.321157, 2.34303
0.320878, 2.34284
0.320599, 2.34264
0.320321, 2.34244
0.320043, 2.34225
0.319765, 2.34205
0.319488, 2.34185
0.319212, 2.34165
0.318936, 2.34146
0.31866, 2.34125
0.318385, 2.34105
0.318111, 2.34085
0.317837, 2.34065
0.317563, 2.34045
0.31729, 2.34024
0.317017, 2.34004
0.316745, 2.33983
0.316473, 2.33962
0.316202, 2.33942
0.315931, 2.33921
0.315661, 2.339
0.315391, 2.33879
0.315121, 2.33858
0.314852, 2.33836
0.314584, 2.33815
0.314316, 2.33794
0.314048, 2.33773
0.313781, 2.33751
0.313514, 2.3373
0.313248, 2.33708
0.312982, 2.33686
0.312717, 2.33664
0.312452, 2.33642
0.312188, 2.33621
0.311924, 2.33599
0.31166, 2.33576
0.311397, 2.33554
0.311134, 2.33532
0.310872, 2.3351
0.31061, 2.33487
0.310349, 2.33465
0.310088, 2.33442
0.309827, 2.33419
0.309567, 2.33397
0.309308, 2.33374
0.309049, 2.33351
0.30879, 2.33328
0.308532, 2.33305
0.308274, 2.33282
0.308016, 2.33259
0.307759, 2.33235
0.307503, 2.33212
0.307247, 2.33189
0.306991, 2.33165
0.306736, 2.33142
0.306481, 2.33118
0.306226, 2.33094
0.305972, 2.3307
0.305719, 2.33047
0.305466, 2.33023
0.305213, 2.32999
0.304961, 2.32974
0.304709, 2.3295
0.304457, 2.32926
0.304206, 2.32902
0.303955, 2.32877
0.303705, 2.32853
0.303455, 2.32828
0.303206, 2.32804
0.302957, 2.32779
0.302708, 2.32754
0.30246, 2.32729
0.302212, 2.32704
0.301965, 2.32679
0.301718, 2.32654
0.301471, 2.32629
0.301225, 2.32604
0.300979, 2.32579
0.300734, 2.32553
0.300489, 2.32528
0.300244, 2.32502
0.3, 2.32477


jinyu 20240902

wavelength (microns), Re(eps)
1.6884, 2.28126
1.68497, 2.2813
1.68154, 2.28134
1.67811, 2.28138
1.67468, 2.28143
1.67125, 2.28147
1.66782, 2.28151
1.66439, 2.28156
1.66096, 2.2816
1.65753, 2.28165
1.6541, 2.28169
1.65066, 2.28174
1.64723, 2.28178
1.6438, 2.28183
1.64037, 2.28187
1.63693, 2.28192
1.6335, 2.28197
1.63006, 2.28201
1.62663, 2.28206
1.62319, 2.28211
1.61976, 2.28215
1.61632, 2.2822
1.61289, 2.28225
1.60945, 2.2823
1.60601, 2.28235
1.60258, 2.2824
1.59914, 2.28245
1.5957, 2.2825
1.59226, 2.28255
1.58883, 2.2826
1.58539, 2.28265
1.58195, 2.2827
1.57851, 2.28275
1.57507, 2.2828
1.57163, 2.28285
1.56819, 2.28291
1.56475, 2.28296
1.56131, 2.28301
1.55787, 2.28306
1.55442, 2.28312
1.55098, 2.28317
1.54754, 2.28323
1.5441, 2.28328
1.54065, 2.28334
1.53721, 2.28339
1.53377, 2.28345
1.53032, 2.2835
1.52688, 2.28356
1.52344, 2.28362
1.51999, 2.28367
1.51655, 2.28373
1.5131, 2.28379
1.50966, 2.28385
1.50621, 2.2839
1.50276, 2.28396
1.49932, 2.28402
1.49587, 2.28408
1.49243, 2.28414
1.48898, 2.2842
1.48553, 2.28427
1.48208, 2.28433
1.47864, 2.28439
1.47519, 2.28445
1.47174, 2.28451
1.46829, 2.28458
1.46484, 2.28464
1.46139, 2.2847
1.45794, 2.28477
1.45449, 2.28483
1.45104, 2.2849
1.44759, 2.28496
1.44414, 2.28503
1.44069, 2.2851
1.43724, 2.28516
1.43379, 2.28523
1.43034, 2.2853
1.42689, 2.28537
1.42344, 2.28544
1.41999, 2.28551
1.41653, 2.28558
1.41308, 2.28565
1.40963, 2.28572
1.40618, 2.28579
1.40272, 2.28586
1.39927, 2.28594
1.39582, 2.28601
1.39236, 2.28608
1.38891, 2.28616
1.38546, 2.28623
1.382, 2.2863
1.37855, 2.28638
1.37509, 2.28646
1.37164, 2.28653
1.36818, 2.28661
1.36473, 2.28669
1.36127, 2.28677
1.35782, 2.28685
1.35436, 2.28692
1.35091, 2.28701
1.34745, 2.28708
1.34399, 2.28717
1.34054, 2.28725
1.33708, 2.28733
1.33362, 2.28741
1.33017, 2.2875
1.32671, 2.28758
1.32325, 2.28767
1.31979, 2.28775
1.31634, 2.28784
1.31288, 2.28793
1.30942, 2.28801
1.30596, 2.2881
1.30251, 2.28819
1.29905, 2.28828
1.29559, 2.28837
1.29213, 2.28846
1.28867, 2.28855
1.28521, 2.28864
1.28175, 2.28873
1.27829, 2.28883
1.27484, 2.28892
1.27138, 2.28901
1.26792, 2.28911
1.26446, 2.28921
1.261, 2.28931
1.25754, 2.2894
1.25408, 2.2895
1.25062, 2.2896
1.24716, 2.2897
1.2437, 2.2898
1.24024, 2.2899
1.23678, 2.29
1.23332, 2.29011
1.22986, 2.29021
1.22639, 2.29032
1.22293, 2.29042
1.21947, 2.29053
1.21601, 2.29064
1.21255, 2.29075
1.20909, 2.29085
1.20563, 2.29096
1.20217, 2.29108
1.1987, 2.29118
1.19524, 2.2913
1.19178, 2.29141
1.18832, 2.29153
1.18486, 2.29164
1.1814, 2.29176
1.17793, 2.29188
1.17447, 2.29199
1.17101, 2.29211
1.16755, 2.29223
1.16409, 2.29235
1.16062, 2.29247
1.15716, 2.2926
1.1537, 2.29272
1.15024, 2.29285
1.14677, 2.29297
1.14331, 2.2931
1.13985, 2.29323
1.13639, 2.29336
1.13292, 2.29349
1.12946, 2.29362
1.126, 2.29375
1.12254, 2.29388
1.11907, 2.29402
1.11561, 2.29415
1.11215, 2.29429
1.10868, 2.29443
1.10522, 2.29457
1.10176, 2.29471
1.0983, 2.29485
1.09483, 2.29499
1.09137, 2.29514
1.08791, 2.29528
1.08444, 2.29543
1.08098, 2.29557
1.07752, 2.29572
1.07405, 2.29587
1.07059, 2.29602
1.06713, 2.29618
1.06367, 2.29633
1.0602, 2.29649
1.05674, 2.29664
1.05328, 2.2968
1.04981, 2.29696
1.04635, 2.29712
1.04289, 2.29729
1.03943, 2.29745
1.03596, 2.29762
1.0325, 2.29778
1.02904, 2.29795
1.02557, 2.29812
1.02211, 2.29829
1.01865, 2.29846
1.01519, 2.29864
1.01172, 2.29881
0.999756, 2.29943
0.998208, 2.29951
0.996659, 2.2996
0.995109, 2.29968
0.99356, 2.29976
0.99201, 2.29985
0.99046, 2.29993
0.988909, 2.30001
0.987359, 2.3001
0.985808, 2.30018
0.984257, 2.30027
0.982705, 2.30035
0.981154, 2.30044
0.979602, 2.30052
0.97805, 2.30061
0.976498, 2.30069
0.974945, 2.30078
0.973392, 2.30087
0.971839, 2.30096
0.970286, 2.30105
0.968732, 2.30113
0.967178, 2.30122
0.965624, 2.30131
0.96407, 2.3014
0.962515, 2.30149
0.96096, 2.30158
0.959405, 2.30167
0.95785, 2.30177
0.956294, 2.30186
0.954738, 2.30195
0.953182, 2.30204
0.951626, 2.30213
0.95007, 2.30223
0.948513, 2.30232
0.946956, 2.30241
0.945399, 2.30251
0.943841, 2.3026
0.942284, 2.3027
0.940726, 2.30279
0.939168, 2.30289
0.937609, 2.30299
0.936051, 2.30308
0.934492, 2.30318
0.932933, 2.30328
0.931373, 2.30338
0.929814, 2.30348
0.928254, 2.30357
0.926694, 2.30367
0.925134, 2.30377
0.923573, 2.30387
0.922013, 2.30397
0.920452, 2.30408
0.918891, 2.30418
0.917329, 2.30428
0.915768, 2.30438
0.914206, 2.30448
0.912644, 2.30459
0.911082, 2.30469
0.90952, 2.3048
0.907957, 2.3049
0.906394, 2.30501
0.904831, 2.30511
0.903268, 2.30522
0.901704, 2.30533
0.900141, 2.30544
0.898577, 2.30554
0.897013, 2.30565
0.895448, 2.30576
0.893884, 2.30587
0.892319, 2.30598
0.890754, 2.30609
0.889189, 2.3062
0.887623, 2.30631
0.886058, 2.30642
0.884492, 2.30653
0.882926, 2.30665
0.88136, 2.30676
0.879793, 2.30687
0.878227, 2.30699
0.87666, 2.3071
0.875093, 2.30722
0.873526, 2.30733
0.871958, 2.30745
0.870391, 2.30757
0.868823, 2.30768
0.867255, 2.3078
0.865687, 2.30792
0.864118, 2.30804
0.86255, 2.30816
0.860981, 2.30828
0.859412, 2.3084
0.857843, 2.30852
0.856273, 2.30864
0.854704, 2.30876
0.853134, 2.30889
0.851564, 2.30901
0.849994, 2.30913
0.848424, 2.30926
0.846853, 2.30938
0.845282, 2.30951
0.843711, 2.30963
0.84214, 2.30976
0.840569, 2.30989
0.838998, 2.31002
0.837426, 2.31014
0.835854, 2.31028
0.834282, 2.3104
0.83271, 2.31053
0.831138, 2.31066
0.829565, 2.3108
0.827992, 2.31093
0.82642, 2.31106
0.824847, 2.31119
0.823273, 2.31133
0.8217, 2.31146
0.820126, 2.3116
0.818553, 2.31173
0.816979, 2.31187
0.815405, 2.31201
0.81383, 2.31215
0.812256, 2.31228
0.810681, 2.31242
0.809106, 2.31256
0.807531, 2.3127
0.805956, 2.31284
0.804381, 2.31298
0.802806, 2.31313
0.80123, 2.31327
0.799654, 2.31341
0.798078, 2.31356
0.796502, 2.3137
0.794926, 2.31385
0.793349, 2.31399
0.791773, 2.31414
0.790196, 2.31429
0.788619, 2.31444
0.787042, 2.31458
0.785465, 2.31473
0.783887, 2.31489
0.78231, 2.31504
0.780732, 2.31519
0.779154, 2.31534
0.777576, 2.31549
0.775998, 2.31565
0.77442, 2.3158
0.772841, 2.31596
0.771262, 2.31611
0.769684, 2.31627
0.768105, 2.31643
0.766526, 2.31658
0.764946, 2.31674
0.763367, 2.3169
0.761787, 2.31706
0.760208, 2.31722
0.758628, 2.31739
0.757048, 2.31755
0.755468, 2.31771
0.753888, 2.31788
0.752307, 2.31804
0.750727, 2.31821
0.749146, 2.31837
0.747565, 2.31854
0.745984, 2.31871
0.744403, 2.31888
0.742822, 2.31905
0.741241, 2.31922
0.739659, 2.31939
0.738077, 2.31956
0.736496, 2.31973
0.734914, 2.31991
0.733332, 2.32008
0.731749, 2.32026
0.730167, 2.32043
0.728585, 2.32061
0.727002, 2.32079
0.725419, 2.32096
0.723837, 2.32114
0.722254, 2.32132
0.720671, 2.32151
0.719087, 2.32169
0.717504, 2.32187
0.71592, 2.32205
0.714337, 2.32224
0.712753, 2.32242
0.711169, 2.32261
0.709585, 2.32279
0.708001, 2.32298
0.706417, 2.32317
0.704833, 2.32336
0.703248, 2.32355
0.701664, 2.32374
0.700079, 2.32393
0.698494, 2.32412
0.696909, 2.32432
0.695324, 2.32451
0.693739, 2.32471
0.692154, 2.32491
0.690569, 2.3251
0.688983, 2.3253
0.687397, 2.3255
0.685812, 2.3257
0.684226, 2.3259
0.68264, 2.3261
0.681054, 2.3263
0.679468, 2.32651
0.677882, 2.32671
0.676295, 2.32692
0.674709, 2.32712
0.673122, 2.32733
0.671536, 2.32753
0.669949, 2.32775
0.668362, 2.32796
0.666775, 2.32817
0.665188, 2.32838
0.663601, 2.32859
0.662013, 2.3288
0.660426, 2.32901
0.658839, 2.32923
0.657251, 2.32945
0.655663, 2.32966
0.654075, 2.32988
0.652488, 2.3301
0.6509, 2.33032
0.649312, 2.33054
0.647723, 2.33076
0.646135, 2.33098
0.644547, 2.33121
0.642958, 2.33143
0.64137, 2.33166
0.639781, 2.33188
0.638193, 2.33211
0.636604, 2.33234
0.635015, 2.33257
0.633426, 2.3328
0.631837, 2.33303
0.630248, 2.33326
0.628659, 2.33349
0.627069, 2.33373
0.62548, 2.33396
0.623891, 2.33419
0.622301, 2.33443
0.620711, 2.33467
0.619122, 2.33491
0.617532, 2.33514
0.615942, 2.33538
0.614352, 2.33562
0.612762, 2.33587
0.611172, 2.33611
0.609582, 2.33635
0.607992, 2.3366
0.606401, 2.33684
0.604811, 2.33709
0.603221, 2.33733
0.60163, 2.33758
0.60004, 2.33783
0.598449, 2.33808
0.596858, 2.33833
0.595267, 2.33858
0.593677, 2.33883
0.592086, 2.33908
0.590495, 2.33933
0.588904, 2.33959
0.587312, 2.33984
0.585721, 2.3401
0.58413, 2.34036
0.582539, 2.34061
0.580947, 2.34087
0.579356, 2.34113
0.577764, 2.34139
0.576173, 2.34165
0.574581, 2.34191
0.57299, 2.34217
0.571398, 2.34243
0.569806, 2.34269
0.568214, 2.34295
0.566622, 2.34322
0.56503, 2.34348
0.563438, 2.34375
0.561846, 2.34401
0.560254, 2.34428
0.558662, 2.34455
0.55707, 2.34481
0.555478, 2.34508
0.553885, 2.34535
0.552293, 2.34561
0.550701, 2.34588
0.549108, 2.34615
0.547516, 2.34642
0.545923, 2.34669
0.544331, 2.34696
0.542738, 2.34723
0.541145, 2.3475
0.539553, 2.34777
0.53796, 2.34804
0.536367, 2.34831
0.534774, 2.34859
0.533181, 2.34886
0.531589, 2.34913
0.529996, 2.3494
0.528403, 2.34967
0.52681, 2.34994
0.525216, 2.35021
0.523623, 2.35048
0.52203, 2.35076
0.520437, 2.35103
0.518844, 2.3513
0.517251, 2.35157
0.515658, 2.35184
0.514064, 2.35211
0.512471, 2.35238
0.510878, 2.35264
0.509284, 2.35291
0.507691, 2.35318
0.506098, 2.35344
0.504504, 2.35371
0.502911, 2.35398
0.501317, 2.35424


