8.000000000000000e+02	1.486846896320945e+00
8.008008008008009e+02	1.486825087852987e+00
8.016016016016016e+02	1.486803326812825e+00
8.024024024024025e+02	1.486781613100362e+00
8.032032032032032e+02	1.486759946615468e+00
8.040040040040041e+02	1.486738327257983e+00
8.048048048048048e+02	1.486716754927721e+00
8.056056056056057e+02	1.486695229524476e+00
8.064064064064064e+02	1.486673750948021e+00
8.072072072072073e+02	1.486652319098117e+00
8.080080080080080e+02	1.486630933874512e+00
8.088088088088089e+02	1.486609595176948e+00
8.096096096096096e+02	1.486588302905164e+00
8.104104104104105e+02	1.486567056958897e+00
8.112112112112112e+02	1.486545857237887e+00
8.120120120120121e+02	1.486524703641882e+00
8.128128128128128e+02	1.486503596070639e+00
8.136136136136137e+02	1.486482534423929e+00
8.144144144144144e+02	1.486461518601537e+00
8.152152152152153e+02	1.486440548503271e+00
8.160160160160160e+02	1.486419624028957e+00
8.168168168168169e+02	1.486398745078450e+00
8.176176176176176e+02	1.486377911551634e+00
8.184184184184185e+02	1.486357123348423e+00
8.192192192192192e+02	1.486336380368765e+00
8.200200200200201e+02	1.486315682512649e+00
8.208208208208208e+02	1.486295029680100e+00
8.216216216216217e+02	1.486274421771190e+00
8.224224224224224e+02	1.486253858686034e+00
8.232232232232233e+02	1.486233340324798e+00
8.240240240240240e+02	1.486212866587697e+00
8.248248248248249e+02	1.486192437375002e+00
8.256256256256256e+02	1.486172052587041e+00
8.264264264264265e+02	1.486151712124198e+00
8.272272272272272e+02	1.486131415886922e+00
8.280280280280281e+02	1.486111163775725e+00
8.288288288288288e+02	1.486090955691185e+00
8.296296296296297e+02	1.486070791533950e+00
8.304304304304304e+02	1.486050671204738e+00
8.312312312312313e+02	1.486030594604343e+00
8.320320320320320e+02	1.486010561633633e+00
8.328328328328329e+02	1.485990572193554e+00
8.336336336336336e+02	1.485970626185136e+00
8.344344344344345e+02	1.485950723509486e+00
8.352352352352352e+02	1.485930864067801e+00
8.360360360360361e+02	1.485911047761362e+00
8.368368368368368e+02	1.485891274491539e+00
8.376376376376377e+02	1.485871544159796e+00
8.384384384384384e+02	1.485851856667686e+00
8.392392392392393e+02	1.485832211916860e+00
8.400400400400400e+02	1.485812609809065e+00
8.408408408408409e+02	1.485793050246147e+00
8.416416416416416e+02	1.485773533130053e+00
8.424424424424425e+02	1.485754058362831e+00
8.432432432432432e+02	1.485734625846637e+00
8.440440440440441e+02	1.485715235483730e+00
8.448448448448448e+02	1.485695887176479e+00
8.456456456456457e+02	1.485676580827362e+00
8.464464464464464e+02	1.485657316338968e+00
8.472472472472473e+02	1.485638093614001e+00
8.480480480480480e+02	1.485618912555277e+00
8.488488488488489e+02	1.485599773065731e+00
8.496496496496496e+02	1.485580675048416e+00
8.504504504504505e+02	1.485561618406501e+00
8.512512512512512e+02	1.485542603043282e+00
8.520520520520521e+02	1.485523628862172e+00
8.528528528528528e+02	1.485504695766712e+00
8.536536536536537e+02	1.485485803660567e+00
8.544544544544544e+02	1.485466952447529e+00
8.552552552552553e+02	1.485448142031518e+00
8.560560560560560e+02	1.485429372316586e+00
8.568568568568569e+02	1.485410643206913e+00
8.576576576576576e+02	1.485391954606815e+00
8.584584584584585e+02	1.485373306420738e+00
8.592592592592592e+02	1.485354698553266e+00
8.600600600600601e+02	1.485336130909118e+00
8.608608608608608e+02	1.485317603393151e+00
8.616616616616617e+02	1.485299115910363e+00
8.624624624624624e+02	1.485280668365887e+00
8.632632632632633e+02	1.485262260665001e+00
8.640640640640640e+02	1.485243892713124e+00
8.648648648648649e+02	1.485225564415820e+00
8.656656656656656e+02	1.485207275678795e+00
8.664664664664665e+02	1.485189026407904e+00
8.672672672672672e+02	1.485170816509144e+00
8.680680680680681e+02	1.485152645888665e+00
8.688688688688688e+02	1.485134514452761e+00
8.696696696696697e+02	1.485116422107880e+00
8.704704704704704e+02	1.485098368760618e+00
8.712712712712713e+02	1.485080354317724e+00
8.720720720720720e+02	1.485062378686099e+00
8.728728728728729e+02	1.485044441772797e+00
8.736736736736736e+02	1.485026543485028e+00
8.744744744744745e+02	1.485008683730157e+00
8.752752752752752e+02	1.484990862415704e+00
8.760760760760761e+02	1.484973079449348e+00
8.768768768768768e+02	1.484955334738925e+00
8.776776776776777e+02	1.484937628192429e+00
8.784784784784785e+02	1.484919959718014e+00
8.792792792792793e+02	1.484902329223997e+00
8.800800800800801e+02	1.484884736618851e+00
8.808808808808809e+02	1.484867181811215e+00
8.816816816816817e+02	1.484849664709889e+00
8.824824824824825e+02	1.484832185223835e+00
8.832832832832833e+02	1.484814743262183e+00
8.840840840840841e+02	1.484797338734223e+00
8.848848848848849e+02	1.484779971549414e+00
8.856856856856857e+02	1.484762641617378e+00
8.864864864864865e+02	1.484745348847906e+00
8.872872872872873e+02	1.484728093150954e+00
8.880880880880881e+02	1.484710874436649e+00
8.888888888888889e+02	1.484693692615283e+00
8.896896896896897e+02	1.484676547597319e+00
8.904904904904905e+02	1.484659439293390e+00
8.912912912912913e+02	1.484642367614297e+00
8.920920920920921e+02	1.484625332471014e+00
8.928928928928929e+02	1.484608333774684e+00
8.936936936936937e+02	1.484591371436623e+00
8.944944944944945e+02	1.484574445368320e+00
8.952952952952953e+02	1.484557555481435e+00
8.960960960960961e+02	1.484540701687801e+00
8.968968968968969e+02	1.484523883899427e+00
8.976976976976977e+02	1.484507102028492e+00
8.984984984984985e+02	1.484490355987354e+00
8.992992992992993e+02	1.484473645688543e+00
9.001001001001001e+02	1.484456971044765e+00
9.009009009009009e+02	1.484440331968901e+00
9.017017017017017e+02	1.484423728374009e+00
9.025025025025025e+02	1.484407160173324e+00
9.033033033033033e+02	1.484390627280255e+00
9.041041041041041e+02	1.484374129608391e+00
9.049049049049049e+02	1.484357667071498e+00
9.057057057057057e+02	1.484341239583518e+00
9.065065065065065e+02	1.484324847058573e+00
9.073073073073073e+02	1.484308489410963e+00
9.081081081081081e+02	1.484292166555165e+00
9.089089089089089e+02	1.484275878405838e+00
9.097097097097097e+02	1.484259624877817e+00
9.105105105105105e+02	1.484243405886120e+00
9.113113113113113e+02	1.484227221345941e+00
9.121121121121121e+02	1.484211071172656e+00
9.129129129129129e+02	1.484194955281822e+00
9.137137137137137e+02	1.484178873589175e+00
9.145145145145145e+02	1.484162826010632e+00
9.153153153153153e+02	1.484146812462292e+00
9.161161161161161e+02	1.484130832860432e+00
9.169169169169169e+02	1.484114887121513e+00
9.177177177177177e+02	1.484098975162177e+00
9.185185185185185e+02	1.484083096899248e+00
9.193193193193193e+02	1.484067252249730e+00
9.201201201201202e+02	1.484051441130809e+00
9.209209209209209e+02	1.484035663459855e+00
9.217217217217217e+02	1.484019919154419e+00
9.225225225225225e+02	1.484004208132234e+00
9.233233233233234e+02	1.483988530311215e+00
9.241241241241241e+02	1.483972885609462e+00
9.249249249249249e+02	1.483957273945254e+00
9.257257257257257e+02	1.483941695237054e+00
9.265265265265266e+02	1.483926149403510e+00
9.273273273273273e+02	1.483910636363450e+00
9.281281281281281e+02	1.483895156035886e+00
9.289289289289289e+02	1.483879708340013e+00
9.297297297297298e+02	1.483864293195209e+00
9.305305305305305e+02	1.483848910521034e+00
9.313313313313313e+02	1.483833560237234e+00
9.321321321321321e+02	1.483818242263735e+00
9.329329329329330e+02	1.483802956520648e+00
9.337337337337337e+02	1.483787702928266e+00
9.345345345345345e+02	1.483772481407066e+00
9.353353353353353e+02	1.483757291877708e+00
9.361361361361362e+02	1.483742134261036e+00
9.369369369369369e+02	1.483727008478076e+00
9.377377377377377e+02	1.483711914450037e+00
9.385385385385385e+02	1.483696852098312e+00
9.393393393393394e+02	1.483681821344478e+00
9.401401401401401e+02	1.483666822110292e+00
9.409409409409409e+02	1.483651854317698e+00
9.417417417417417e+02	1.483636917888821e+00
9.425425425425426e+02	1.483622012745968e+00
9.433433433433433e+02	1.483607138811630e+00
9.441441441441441e+02	1.483592296008482e+00
9.449449449449450e+02	1.483577484259380e+00
9.457457457457458e+02	1.483562703487364e+00
9.465465465465466e+02	1.483547953615655e+00
9.473473473473473e+02	1.483533234567658e+00
9.481481481481482e+02	1.483518546266960e+00
9.489489489489490e+02	1.483503888637332e+00
9.497497497497498e+02	1.483489261602723e+00
9.505505505505505e+02	1.483474665087269e+00
9.513513513513514e+02	1.483460099015284e+00
9.521521521521522e+02	1.483445563311268e+00
9.529529529529530e+02	1.483431057899900e+00
9.537537537537537e+02	1.483416582706042e+00
9.545545545545546e+02	1.483402137654735e+00
9.553553553553554e+02	1.483387722671207e+00
9.561561561561562e+02	1.483373337680861e+00
9.569569569569569e+02	1.483358982609285e+00
9.577577577577578e+02	1.483344657382247e+00
9.585585585585586e+02	1.483330361925696e+00
9.593593593593594e+02	1.483316096165762e+00
9.601601601601601e+02	1.483301860028755e+00
9.609609609609610e+02	1.483287653441167e+00
9.617617617617618e+02	1.483273476329667e+00
9.625625625625626e+02	1.483259328621107e+00
9.633633633633633e+02	1.483245210242518e+00
9.641641641641642e+02	1.483231121121111e+00
9.649649649649650e+02	1.483217061184276e+00
9.657657657657658e+02	1.483203030359582e+00
9.665665665665665e+02	1.483189028574779e+00
9.673673673673674e+02	1.483175055757795e+00
9.681681681681682e+02	1.483161111836736e+00
9.689689689689690e+02	1.483147196739887e+00
9.697697697697697e+02	1.483133310395712e+00
9.705705705705706e+02	1.483119452732853e+00
9.713713713713714e+02	1.483105623680129e+00
9.721721721721722e+02	1.483091823166540e+00
9.729729729729730e+02	1.483078051121258e+00
9.737737737737738e+02	1.483064307473637e+00
9.745745745745746e+02	1.483050592153208e+00
9.753753753753754e+02	1.483036905089675e+00
9.761761761761762e+02	1.483023246212923e+00
9.769769769769770e+02	1.483009615453011e+00
9.777777777777778e+02	1.482996012740176e+00
9.785785785785786e+02	1.482982438004828e+00
9.793793793793794e+02	1.482968891177555e+00
9.801801801801802e+02	1.482955372189121e+00
9.809809809809810e+02	1.482941880970464e+00
9.817817817817818e+02	1.482928417452698e+00
9.825825825825826e+02	1.482914981567110e+00
9.833833833833834e+02	1.482901573245162e+00
9.841841841841842e+02	1.482888192418493e+00
9.849849849849850e+02	1.482874839018913e+00
9.857857857857858e+02	1.482861512978406e+00
9.865865865865866e+02	1.482848214229130e+00
9.873873873873874e+02	1.482834942703417e+00
9.881881881881882e+02	1.482821698333772e+00
9.889889889889890e+02	1.482808481052870e+00
9.897897897897898e+02	1.482795290793562e+00
9.905905905905906e+02	1.482782127488868e+00
9.913913913913914e+02	1.482768991071983e+00
9.921921921921922e+02	1.482755881476270e+00
9.929929929929930e+02	1.482742798635267e+00
9.937937937937938e+02	1.482729742482681e+00
9.945945945945946e+02	1.482716712952390e+00
9.953953953953954e+02	1.482703709978442e+00
9.961961961961962e+02	1.482690733495055e+00
9.969969969969970e+02	1.482677783436620e+00
9.977977977977978e+02	1.482664859737693e+00
9.985985985985986e+02	1.482651962333002e+00
9.993993993993994e+02	1.482639091157444e+00
1.000200200200200e+03	1.482626246146084e+00
1.001001001001001e+03	1.482613427234155e+00
1.001801801801802e+03	1.482600634357060e+00
1.002602602602603e+03	1.482587867450368e+00
1.003403403403403e+03	1.482575126449816e+00
1.004204204204204e+03	1.482562411291309e+00
1.005005005005005e+03	1.482549721910917e+00
1.005805805805806e+03	1.482537058244879e+00
1.006606606606607e+03	1.482524420229599e+00
1.007407407407407e+03	1.482511807801648e+00
1.008208208208208e+03	1.482499220897761e+00
1.009009009009009e+03	1.482486659454838e+00
1.009809809809810e+03	1.482474123409949e+00
1.010610610610611e+03	1.482461612700321e+00
1.011411411411411e+03	1.482449127263353e+00
1.012212212212212e+03	1.482436667036602e+00
1.013013013013013e+03	1.482424231957794e+00
1.013813813813814e+03	1.482411821964814e+00
1.014614614614615e+03	1.482399436995713e+00
1.015415415415415e+03	1.482387076988703e+00
1.016216216216216e+03	1.482374741882161e+00
1.017017017017017e+03	1.482362431614624e+00
1.017817817817818e+03	1.482350146124792e+00
1.018618618618619e+03	1.482337885351526e+00
1.019419419419419e+03	1.482325649233848e+00
1.020220220220220e+03	1.482313437710942e+00
1.021021021021021e+03	1.482301250722150e+00
1.021821821821822e+03	1.482289088206979e+00
1.022622622622623e+03	1.482276950105091e+00
1.023423423423423e+03	1.482264836356310e+00
1.024224224224224e+03	1.482252746900620e+00
1.025025025025025e+03	1.482240681678161e+00
1.025825825825826e+03	1.482228640629234e+00
1.026626626626627e+03	1.482216623694299e+00
1.027427427427427e+03	1.482204630813971e+00
1.028228228228228e+03	1.482192661929024e+00
1.029029029029029e+03	1.482180716980391e+00
1.029829829829830e+03	1.482168795909159e+00
1.030630630630631e+03	1.482156898656573e+00
1.031431431431432e+03	1.482145025164035e+00
1.032232232232232e+03	1.482133175373102e+00
1.033033033033033e+03	1.482121349225486e+00
1.033833833833834e+03	1.482109546663054e+00
1.034634634634635e+03	1.482097767627831e+00
1.035435435435435e+03	1.482086012061993e+00
1.036236236236236e+03	1.482074279907871e+00
1.037037037037037e+03	1.482062571107951e+00
1.037837837837838e+03	1.482050885604873e+00
1.038638638638639e+03	1.482039223341427e+00
1.039439439439439e+03	1.482027584260559e+00
1.040240240240240e+03	1.482015968305367e+00
1.041041041041041e+03	1.482004375419100e+00
1.041841841841842e+03	1.481992805545159e+00
1.042642642642643e+03	1.481981258627097e+00
1.043443443443443e+03	1.481969734608618e+00
1.044244244244244e+03	1.481958233433577e+00
1.045045045045045e+03	1.481946755045980e+00
1.045845845845846e+03	1.481935299389981e+00
1.046646646646647e+03	1.481923866409885e+00
1.047447447447448e+03	1.481912456050147e+00
1.048248248248248e+03	1.481901068255371e+00
1.049049049049049e+03	1.481889702970308e+00
1.049849849849850e+03	1.481878360139859e+00
1.050650650650651e+03	1.481867039709073e+00
1.051451451451451e+03	1.481855741623146e+00
1.052252252252252e+03	1.481844465827421e+00
1.053053053053053e+03	1.481833212267389e+00
1.053853853853854e+03	1.481821980888687e+00
1.054654654654655e+03	1.481810771637099e+00
1.055455455455455e+03	1.481799584458553e+00
1.056256256256256e+03	1.481788419299126e+00
1.057057057057057e+03	1.481777276105036e+00
1.057857857857858e+03	1.481766154822649e+00
1.058658658658659e+03	1.481755055398475e+00
1.059459459459460e+03	1.481743977779167e+00
1.060260260260260e+03	1.481732921911523e+00
1.061061061061061e+03	1.481721887742484e+00
1.061861861861862e+03	1.481710875219135e+00
1.062662662662663e+03	1.481699884288703e+00
1.063463463463464e+03	1.481688914898556e+00
1.064264264264264e+03	1.481677966996207e+00
1.065065065065065e+03	1.481667040529310e+00
1.065865865865866e+03	1.481656135445658e+00
1.066666666666667e+03	1.481645251693188e+00
1.067467467467467e+03	1.481634389219976e+00
1.068268268268268e+03	1.481623547974240e+00
1.069069069069069e+03	1.481612727904337e+00
1.069869869869870e+03	1.481601928958763e+00
1.070670670670671e+03	1.481591151086153e+00
1.071471471471471e+03	1.481580394235284e+00
1.072272272272272e+03	1.481569658355069e+00
1.073073073073073e+03	1.481558943394559e+00
1.073873873873874e+03	1.481548249302945e+00
1.074674674674675e+03	1.481537576029554e+00
1.075475475475475e+03	1.481526923523851e+00
1.076276276276276e+03	1.481516291735437e+00
1.077077077077077e+03	1.481505680614051e+00
1.077877877877878e+03	1.481495090109566e+00
1.078678678678679e+03	1.481484520171994e+00
1.079479479479480e+03	1.481473970751480e+00
1.080280280280280e+03	1.481463441798305e+00
1.081081081081081e+03	1.481452933262885e+00
1.081881881881882e+03	1.481442445095770e+00
1.082682682682683e+03	1.481431977247645e+00
1.083483483483483e+03	1.481421529669328e+00
1.084284284284284e+03	1.481411102311771e+00
1.085085085085085e+03	1.481400695126058e+00
1.085885885885886e+03	1.481390308063408e+00
1.086686686686687e+03	1.481379941075170e+00
1.087487487487487e+03	1.481369594112826e+00
1.088288288288288e+03	1.481359267127992e+00
1.089089089089089e+03	1.481348960072411e+00
1.089889889889890e+03	1.481338672897960e+00
1.090690690690691e+03	1.481328405556646e+00
1.091491491491492e+03	1.481318158000608e+00
1.092292292292292e+03	1.481307930182112e+00
1.093093093093093e+03	1.481297722053557e+00
1.093893893893894e+03	1.481287533567467e+00
1.094694694694695e+03	1.481277364676501e+00
1.095495495495496e+03	1.481267215333441e+00
1.096296296296296e+03	1.481257085491200e+00
1.097097097097097e+03	1.481246975102820e+00
1.097897897897898e+03	1.481236884121469e+00
1.098698698698699e+03	1.481226812500443e+00
1.099499499499500e+03	1.481216760193164e+00
1.100300300300300e+03	1.481206727153182e+00
1.101101101101101e+03	1.481196713334173e+00
1.101901901901902e+03	1.481186718689940e+00
1.102702702702703e+03	1.481176743174409e+00
1.103503503503503e+03	1.481166786741632e+00
1.104304304304304e+03	1.481156849345790e+00
1.105105105105105e+03	1.481146930941183e+00
1.105905905905906e+03	1.481137031482239e+00
1.106706706706707e+03	1.481127150923508e+00
1.107507507507507e+03	1.481117289219666e+00
1.108308308308308e+03	1.481107446325510e+00
1.109109109109109e+03	1.481097622195962e+00
1.109909909909910e+03	1.481087816786064e+00
1.110710710710711e+03	1.481078030050983e+00
1.111511511511512e+03	1.481068261946006e+00
1.112312312312312e+03	1.481058512426545e+00
1.113113113113113e+03	1.481048781448129e+00
1.113913913913914e+03	1.481039068966411e+00
1.114714714714715e+03	1.481029374937164e+00
1.115515515515516e+03	1.481019699316280e+00
1.116316316316316e+03	1.481010042059774e+00
1.117117117117117e+03	1.481000403123778e+00
1.117917917917918e+03	1.480990782464545e+00
1.118718718718719e+03	1.480981180038446e+00
1.119519519519519e+03	1.480971595801972e+00
1.120320320320320e+03	1.480962029711732e+00
1.121121121121121e+03	1.480952481724451e+00
1.121921921921922e+03	1.480942951796975e+00
1.122722722722723e+03	1.480933439886267e+00
1.123523523523524e+03	1.480923945949405e+00
1.124324324324324e+03	1.480914469943585e+00
1.125125125125125e+03	1.480905011826120e+00
1.125925925925926e+03	1.480895571554440e+00
1.126726726726727e+03	1.480886149086088e+00
1.127527527527528e+03	1.480876744378725e+00
1.128328328328328e+03	1.480867357390126e+00
1.129129129129129e+03	1.480857988078182e+00
1.129929929929930e+03	1.480848636400899e+00
1.130730730730731e+03	1.480839302316395e+00
1.131531531531532e+03	1.480829985782903e+00
1.132332332332332e+03	1.480820686758771e+00
1.133133133133133e+03	1.480811405202459e+00
1.133933933933934e+03	1.480802141072540e+00
1.134734734734735e+03	1.480792894327700e+00
1.135535535535535e+03	1.480783664926738e+00
1.136336336336336e+03	1.480774452828565e+00
1.137137137137137e+03	1.480765257992203e+00
1.137937937937938e+03	1.480756080376785e+00
1.138738738738739e+03	1.480746919941556e+00
1.139539539539539e+03	1.480737776645874e+00
1.140340340340340e+03	1.480728650449203e+00
1.141141141141141e+03	1.480719541311121e+00
1.141941941941942e+03	1.480710449191314e+00
1.142742742742743e+03	1.480701374049579e+00
1.143543543543544e+03	1.480692315845821e+00
1.144344344344344e+03	1.480683274540054e+00
1.145145145145145e+03	1.480674250092402e+00
1.145945945945946e+03	1.480665242463097e+00
1.146746746746747e+03	1.480656251612478e+00
1.147547547547548e+03	1.480647277500993e+00
1.148348348348348e+03	1.480638320089198e+00
1.149149149149149e+03	1.480629379337753e+00
1.149949949949950e+03	1.480620455207429e+00
1.150750750750751e+03	1.480611547659102e+00
1.151551551551552e+03	1.480602656653753e+00
1.152352352352352e+03	1.480593782152470e+00
1.153153153153153e+03	1.480584924116448e+00
1.153953953953954e+03	1.480576082506985e+00
1.154754754754755e+03	1.480567257285487e+00
1.155555555555556e+03	1.480558448413461e+00
1.156356356356356e+03	1.480549655852522e+00
1.157157157157157e+03	1.480540879564387e+00
1.157957957957958e+03	1.480532119510878e+00
1.158758758758759e+03	1.480523375653922e+00
1.159559559559560e+03	1.480514647955545e+00
1.160360360360360e+03	1.480505936377881e+00
1.161161161161161e+03	1.480497240883163e+00
1.161961961961962e+03	1.480488561433729e+00
1.162762762762763e+03	1.480479897992018e+00
1.163563563563564e+03	1.480471250520571e+00
1.164364364364365e+03	1.480462618982031e+00
1.165165165165165e+03	1.480454003339142e+00
1.165965965965966e+03	1.480445403554748e+00
1.166766766766767e+03	1.480436819591796e+00
1.167567567567567e+03	1.480428251413331e+00
1.168368368368368e+03	1.480419698982500e+00
1.169169169169169e+03	1.480411162262549e+00
1.169969969969970e+03	1.480402641216825e+00
1.170770770770771e+03	1.480394135808771e+00
1.171571571571572e+03	1.480385646001933e+00
1.172372372372372e+03	1.480377171759953e+00
1.173173173173173e+03	1.480368713046572e+00
1.173973973973974e+03	1.480360269825630e+00
1.174774774774775e+03	1.480351842061065e+00
1.175575575575576e+03	1.480343429716912e+00
1.176376376376376e+03	1.480335032757302e+00
1.177177177177177e+03	1.480326651146466e+00
1.177977977977978e+03	1.480318284848729e+00
1.178778778778779e+03	1.480309933828515e+00
1.179579579579580e+03	1.480301598050342e+00
1.180380380380380e+03	1.480293277478825e+00
1.181181181181181e+03	1.480284972078676e+00
1.181981981981982e+03	1.480276681814700e+00
1.182782782782783e+03	1.480268406651797e+00
1.183583583583584e+03	1.480260146554966e+00
1.184384384384384e+03	1.480251901489295e+00
1.185185185185185e+03	1.480243671419970e+00
1.185985985985986e+03	1.480235456312270e+00
1.186786786786787e+03	1.480227256131567e+00
1.187587587587588e+03	1.480219070843329e+00
1.188388388388388e+03	1.480210900413114e+00
1.189189189189189e+03	1.480202744806575e+00
1.189989989989990e+03	1.480194603989458e+00
1.190790790790791e+03	1.480186477927599e+00
1.191591591591592e+03	1.480178366586929e+00
1.192392392392392e+03	1.480170269933470e+00
1.193193193193193e+03	1.480162187933334e+00
1.193993993993994e+03	1.480154120552728e+00
1.194794794794795e+03	1.480146067757945e+00
1.195595595595596e+03	1.480138029515374e+00
1.196396396396397e+03	1.480130005791492e+00
1.197197197197197e+03	1.480121996552866e+00
1.197997997997998e+03	1.480114001766154e+00
1.198798798798799e+03	1.480106021398104e+00
1.199599599599600e+03	1.480098055415552e+00
1.200400400400400e+03	1.480090103785425e+00
1.201201201201201e+03	1.480082166474739e+00
1.202002002002002e+03	1.480074243450598e+00
1.202802802802803e+03	1.480066334680193e+00
1.203603603603604e+03	1.480058440130807e+00
1.204404404404404e+03	1.480050559769809e+00
1.205205205205205e+03	1.480042693564655e+00
1.206006006006006e+03	1.480034841482889e+00
1.206806806806807e+03	1.480027003492142e+00
1.207607607607608e+03	1.480019179560135e+00
1.208408408408408e+03	1.480011369654670e+00
1.209209209209209e+03	1.480003573743641e+00
1.210010010010010e+03	1.479995791795026e+00
1.210810810810811e+03	1.479988023776887e+00
1.211611611611612e+03	1.479980269657376e+00
1.212412412412412e+03	1.479972529404727e+00
1.213213213213213e+03	1.479964802987261e+00
1.214014014014014e+03	1.479957090373382e+00
1.214814814814815e+03	1.479949391531582e+00
1.215615615615616e+03	1.479941706430436e+00
1.216416416416416e+03	1.479934035038601e+00
1.217217217217217e+03	1.479926377324821e+00
1.218018018018018e+03	1.479918733257923e+00
1.218818818818819e+03	1.479911102806817e+00
1.219619619619620e+03	1.479903485940497e+00
1.220420420420420e+03	1.479895882628040e+00
1.221221221221221e+03	1.479888292838604e+00
1.222022022022022e+03	1.479880716541432e+00
1.222822822822823e+03	1.479873153705848e+00
1.223623623623624e+03	1.479865604301259e+00
1.224424424424424e+03	1.479858068297153e+00
1.225225225225225e+03	1.479850545663100e+00
1.226026026026026e+03	1.479843036368751e+00
1.226826826826827e+03	1.479835540383838e+00
1.227627627627628e+03	1.479828057678175e+00
1.228428428428429e+03	1.479820588221656e+00
1.229229229229229e+03	1.479813131984256e+00
1.230030030030030e+03	1.479805688936027e+00
1.230830830830831e+03	1.479798259047107e+00
1.231631631631632e+03	1.479790842287708e+00
1.232432432432433e+03	1.479783438628124e+00
1.233233233233233e+03	1.479776048038729e+00
1.234034034034034e+03	1.479768670489974e+00
1.234834834834835e+03	1.479761305952391e+00
1.235635635635636e+03	1.479753954396589e+00
1.236436436436436e+03	1.479746615793256e+00
1.237237237237237e+03	1.479739290113157e+00
1.238038038038038e+03	1.479731977327137e+00
1.238838838838839e+03	1.479724677406117e+00
1.239639639639640e+03	1.479717390321096e+00
1.240440440440440e+03	1.479710116043150e+00
1.241241241241241e+03	1.479702854543433e+00
1.242042042042042e+03	1.479695605793173e+00
1.242842842842843e+03	1.479688369763679e+00
1.243643643643644e+03	1.479681146426332e+00
1.244444444444444e+03	1.479673935752591e+00
1.245245245245245e+03	1.479666737713992e+00
1.246046046046046e+03	1.479659552282144e+00
1.246846846846847e+03	1.479652379428733e+00
1.247647647647648e+03	1.479645219125521e+00
1.248448448448449e+03	1.479638071344343e+00
1.249249249249249e+03	1.479630936057110e+00
1.250050050050050e+03	1.479623813235808e+00
1.250850850850851e+03	1.479616702852496e+00
1.251651651651652e+03	1.479609604879308e+00
1.252452452452452e+03	1.479602519288452e+00
1.253253253253253e+03	1.479595446052209e+00
1.254054054054054e+03	1.479588385142935e+00
1.254854854854855e+03	1.479581336533056e+00
1.255655655655656e+03	1.479574300195075e+00
1.256456456456456e+03	1.479567276101566e+00
1.257257257257257e+03	1.479560264225174e+00
1.258058058058058e+03	1.479553264538620e+00
1.258858858858859e+03	1.479546277014695e+00
1.259659659659660e+03	1.479539301626261e+00
1.260460460460461e+03	1.479532338346255e+00
1.261261261261261e+03	1.479525387147681e+00
1.262062062062062e+03	1.479518448003619e+00
1.262862862862863e+03	1.479511520887217e+00
1.263663663663664e+03	1.479504605771696e+00
1.264464464464465e+03	1.479497702630346e+00
1.265265265265265e+03	1.479490811436529e+00
1.266066066066066e+03	1.479483932163676e+00
1.266866866866867e+03	1.479477064785289e+00
1.267667667667668e+03	1.479470209274940e+00
1.268468468468468e+03	1.479463365606269e+00
1.269269269269269e+03	1.479456533752989e+00
1.270070070070070e+03	1.479449713688879e+00
1.270870870870871e+03	1.479442905387789e+00
1.271671671671672e+03	1.479436108823636e+00
1.272472472472472e+03	1.479429323970408e+00
1.273273273273273e+03	1.479422550802160e+00
1.274074074074074e+03	1.479415789293015e+00
1.274874874874875e+03	1.479409039417166e+00
1.275675675675676e+03	1.479402301148872e+00
1.276476476476476e+03	1.479395574462461e+00
1.277277277277277e+03	1.479388859332327e+00
1.278078078078078e+03	1.479382155732932e+00
1.278878878878879e+03	1.479375463638807e+00
1.279679679679680e+03	1.479368783024547e+00
1.280480480480481e+03	1.479362113864815e+00
1.281281281281281e+03	1.479355456134341e+00
1.282082082082082e+03	1.479348809807920e+00
1.282882882882883e+03	1.479342174860415e+00
1.283683683683684e+03	1.479335551266754e+00
1.284484484484484e+03	1.479328939001929e+00
1.285285285285285e+03	1.479322338041000e+00
1.286086086086086e+03	1.479315748359093e+00
1.286886886886887e+03	1.479309169931396e+00
1.287687687687688e+03	1.479302602733164e+00
1.288488488488489e+03	1.479296046739717e+00
1.289289289289289e+03	1.479289501926439e+00
1.290090090090090e+03	1.479282968268779e+00
1.290890890890891e+03	1.479276445742249e+00
1.291691691691692e+03	1.479269934322426e+00
1.292492492492493e+03	1.479263433984952e+00
1.293293293293293e+03	1.479256944705530e+00
1.294094094094094e+03	1.479250466459928e+00
1.294894894894895e+03	1.479243999223978e+00
1.295695695695696e+03	1.479237542973574e+00
1.296496496496497e+03	1.479231097684673e+00
1.297297297297297e+03	1.479224663333294e+00
1.298098098098098e+03	1.479218239895522e+00
1.298898898898899e+03	1.479211827347500e+00
1.299699699699700e+03	1.479205425665436e+00
1.300500500500500e+03	1.479199034825599e+00
1.301301301301301e+03	1.479192654804319e+00
1.302102102102102e+03	1.479186285577990e+00
1.302902902902903e+03	1.479179927123067e+00
1.303703703703704e+03	1.479173579416063e+00
1.304504504504504e+03	1.479167242433556e+00
1.305305305305305e+03	1.479160916152184e+00
1.306106106106106e+03	1.479154600548644e+00
1.306906906906907e+03	1.479148295599696e+00
1.307707707707708e+03	1.479142001282159e+00
1.308508508508509e+03	1.479135717572912e+00
1.309309309309309e+03	1.479129444448895e+00
1.310110110110110e+03	1.479123181887108e+00
1.310910910910911e+03	1.479116929864610e+00
1.311711711711712e+03	1.479110688358519e+00
1.312512512512513e+03	1.479104457346014e+00
1.313313313313313e+03	1.479098236804332e+00
1.314114114114114e+03	1.479092026710770e+00
1.314914914914915e+03	1.479085827042682e+00
1.315715715715716e+03	1.479079637777483e+00
1.316516516516517e+03	1.479073458892644e+00
1.317317317317317e+03	1.479067290365698e+00
1.318118118118118e+03	1.479061132174232e+00
1.318918918918919e+03	1.479054984295893e+00
1.319719719719720e+03	1.479048846708386e+00
1.320520520520521e+03	1.479042719389474e+00
1.321321321321321e+03	1.479036602316977e+00
1.322122122122122e+03	1.479030495468771e+00
1.322922922922923e+03	1.479024398822792e+00
1.323723723723724e+03	1.479018312357030e+00
1.324524524524525e+03	1.479012236049534e+00
1.325325325325325e+03	1.479006169878408e+00
1.326126126126126e+03	1.479000113821815e+00
1.326926926926927e+03	1.478994067857971e+00
1.327727727727728e+03	1.478988031965151e+00
1.328528528528529e+03	1.478982006121684e+00
1.329329329329329e+03	1.478975990305957e+00
1.330130130130130e+03	1.478969984496410e+00
1.330930930930931e+03	1.478963988671542e+00
1.331731731731732e+03	1.478958002809903e+00
1.332532532532533e+03	1.478952026890102e+00
1.333333333333333e+03	1.478946060890802e+00
1.334134134134134e+03	1.478940104790719e+00
1.334934934934935e+03	1.478934158568625e+00
1.335735735735736e+03	1.478928222203349e+00
1.336536536536536e+03	1.478922295673770e+00
1.337337337337337e+03	1.478916378958824e+00
1.338138138138138e+03	1.478910472037501e+00
1.338938938938939e+03	1.478904574888844e+00
1.339739739739740e+03	1.478898687491951e+00
1.340540540540540e+03	1.478892809825971e+00
1.341341341341341e+03	1.478886941870110e+00
1.342142142142142e+03	1.478881083603626e+00
1.342942942942943e+03	1.478875235005828e+00
1.343743743743744e+03	1.478869396056080e+00
1.344544544544545e+03	1.478863566733801e+00
1.345345345345345e+03	1.478857747018457e+00
1.346146146146146e+03	1.478851936889572e+00
1.346946946946947e+03	1.478846136326720e+00
1.347747747747748e+03	1.478840345309528e+00
1.348548548548549e+03	1.478834563817673e+00
1.349349349349349e+03	1.478828791830886e+00
1.350150150150150e+03	1.478823029328950e+00
1.350950950950951e+03	1.478817276291699e+00
1.351751751751752e+03	1.478811532699019e+00
1.352552552552553e+03	1.478805798530845e+00
1.353353353353353e+03	1.478800073767166e+00
1.354154154154154e+03	1.478794358388022e+00
1.354954954954955e+03	1.478788652373501e+00
1.355755755755756e+03	1.478782955703745e+00
1.356556556556557e+03	1.478777268358945e+00
1.357357357357357e+03	1.478771590319343e+00
1.358158158158158e+03	1.478765921565231e+00
1.358958958958959e+03	1.478760262076951e+00
1.359759759759760e+03	1.478754611834896e+00
1.360560560560561e+03	1.478748970819507e+00
1.361361361361362e+03	1.478743339011276e+00
1.362162162162162e+03	1.478737716390745e+00
1.362962962962963e+03	1.478732102938505e+00
1.363763763763764e+03	1.478726498635196e+00
1.364564564564565e+03	1.478720903461508e+00
1.365365365365366e+03	1.478715317398178e+00
1.366166166166166e+03	1.478709740425995e+00
1.366966966966967e+03	1.478704172525794e+00
1.367767767767768e+03	1.478698613678460e+00
1.368568568568568e+03	1.478693063864925e+00
1.369369369369369e+03	1.478687523066172e+00
1.370170170170170e+03	1.478681991263230e+00
1.370970970970971e+03	1.478676468437177e+00
1.371771771771772e+03	1.478670954569138e+00
1.372572572572573e+03	1.478665449640286e+00
1.373373373373373e+03	1.478659953631842e+00
1.374174174174174e+03	1.478654466525076e+00
1.374974974974975e+03	1.478648988301302e+00
1.375775775775776e+03	1.478643518941884e+00
1.376576576576577e+03	1.478638058428231e+00
1.377377377377377e+03	1.478632606741801e+00
1.378178178178178e+03	1.478627163864098e+00
1.378978978978979e+03	1.478621729776673e+00
1.379779779779780e+03	1.478616304461121e+00
1.380580580580581e+03	1.478610887899087e+00
1.381381381381381e+03	1.478605480072261e+00
1.382182182182182e+03	1.478600080962378e+00
1.382982982982983e+03	1.478594690551220e+00
1.383783783783784e+03	1.478589308820616e+00
1.384584584584585e+03	1.478583935752438e+00
1.385385385385385e+03	1.478578571328606e+00
1.386186186186186e+03	1.478573215531085e+00
1.386986986986987e+03	1.478567868341885e+00
1.387787787787788e+03	1.478562529743060e+00
1.388588588588589e+03	1.478557199716712e+00
1.389389389389389e+03	1.478551878244984e+00
1.390190190190190e+03	1.478546565310069e+00
1.390990990990991e+03	1.478541260894201e+00
1.391791791791792e+03	1.478535964979658e+00
1.392592592592593e+03	1.478530677548765e+00
1.393393393393394e+03	1.478525398583890e+00
1.394194194194194e+03	1.478520128067446e+00
1.394994994994995e+03	1.478514865981889e+00
1.395795795795796e+03	1.478509612309719e+00
1.396596596596597e+03	1.478504367033481e+00
1.397397397397398e+03	1.478499130135763e+00
1.398198198198198e+03	1.478493901599196e+00
1.398998998998999e+03	1.478488681406456e+00
1.399799799799800e+03	1.478483469540260e+00
1.400600600600601e+03	1.478478265983371e+00
1.401401401401401e+03	1.478473070718592e+00
1.402202202202202e+03	1.478467883728771e+00
1.403003003003003e+03	1.478462704996800e+00
1.403803803803804e+03	1.478457534505610e+00
1.404604604604605e+03	1.478452372238177e+00
1.405405405405405e+03	1.478447218177521e+00
1.406206206206206e+03	1.478442072306700e+00
1.407007007007007e+03	1.478436934608819e+00
1.407807807807808e+03	1.478431805067021e+00
1.408608608608609e+03	1.478426683664494e+00
1.409409409409409e+03	1.478421570384466e+00
1.410210210210210e+03	1.478416465210207e+00
1.411011011011011e+03	1.478411368125031e+00
1.411811811811812e+03	1.478406279112290e+00
1.412612612612613e+03	1.478401198155378e+00
1.413413413413413e+03	1.478396125237734e+00
1.414214214214214e+03	1.478391060342833e+00
1.415015015015015e+03	1.478386003454194e+00
1.415815815815816e+03	1.478380954555377e+00
1.416616616616617e+03	1.478375913629981e+00
1.417417417417417e+03	1.478370880661648e+00
1.418218218218218e+03	1.478365855634059e+00
1.419019019019019e+03	1.478360838530936e+00
1.419819819819820e+03	1.478355829336041e+00
1.420620620620621e+03	1.478350828033176e+00
1.421421421421421e+03	1.478345834606184e+00
1.422222222222222e+03	1.478340849038948e+00
1.423023023023023e+03	1.478335871315390e+00
1.423823823823824e+03	1.478330901419472e+00
1.424624624624625e+03	1.478325939335196e+00
1.425425425425426e+03	1.478320985046603e+00
1.426226226226226e+03	1.478316038537775e+00
1.427027027027027e+03	1.478311099792831e+00
1.427827827827828e+03	1.478306168795931e+00
1.428628628628629e+03	1.478301245531273e+00
1.429429429429430e+03	1.478296329983096e+00
1.430230230230230e+03	1.478291422135674e+00
1.431031031031031e+03	1.478286521973324e+00
1.431831831831832e+03	1.478281629480399e+00
1.432632632632633e+03	1.478276744641292e+00
1.433433433433433e+03	1.478271867440432e+00
1.434234234234234e+03	1.478266997862291e+00
1.435035035035035e+03	1.478262135891374e+00
1.435835835835836e+03	1.478257281512228e+00
1.436636636636637e+03	1.478252434709435e+00
1.437437437437437e+03	1.478247595467618e+00
1.438238238238238e+03	1.478242763771435e+00
1.439039039039039e+03	1.478237939605583e+00
1.439839839839840e+03	1.478233122954797e+00
1.440640640640641e+03	1.478228313803848e+00
1.441441441441441e+03	1.478223512137547e+00
1.442242242242242e+03	1.478218717940739e+00
1.443043043043043e+03	1.478213931198308e+00
1.443843843843844e+03	1.478209151895176e+00
1.444644644644645e+03	1.478204380016299e+00
1.445445445445445e+03	1.478199615546673e+00
1.446246246246246e+03	1.478194858471328e+00
1.447047047047047e+03	1.478190108775333e+00
1.447847847847848e+03	1.478185366443792e+00
1.448648648648649e+03	1.478180631461846e+00
1.449449449449450e+03	1.478175903814674e+00
1.450250250250250e+03	1.478171183487486e+00
1.451051051051051e+03	1.478166470465535e+00
1.451851851851852e+03	1.478161764734105e+00
1.452652652652653e+03	1.478157066278518e+00
1.453453453453453e+03	1.478152375084130e+00
1.454254254254254e+03	1.478147691136337e+00
1.455055055055055e+03	1.478143014420565e+00
1.455855855855856e+03	1.478138344922280e+00
1.456656656656657e+03	1.478133682626982e+00
1.457457457457458e+03	1.478129027520204e+00
1.458258258258258e+03	1.478124379587518e+00
1.459059059059059e+03	1.478119738814529e+00
1.459859859859860e+03	1.478115105186877e+00
1.460660660660661e+03	1.478110478690238e+00
1.461461461461462e+03	1.478105859310321e+00
1.462262262262262e+03	1.478101247032872e+00
1.463063063063063e+03	1.478096641843671e+00
1.463863863863864e+03	1.478092043728531e+00
1.464664664664665e+03	1.478087452673301e+00
1.465465465465466e+03	1.478082868663863e+00
1.466266266266266e+03	1.478078291686135e+00
1.467067067067067e+03	1.478073721726069e+00
1.467867867867868e+03	1.478069158769650e+00
1.468668668668669e+03	1.478064602802895e+00
1.469469469469469e+03	1.478060053811861e+00
1.470270270270270e+03	1.478055511782632e+00
1.471071071071071e+03	1.478050976701329e+00
1.471871871871872e+03	1.478046448554108e+00
1.472672672672673e+03	1.478041927327155e+00
1.473473473473473e+03	1.478037413006692e+00
1.474274274274274e+03	1.478032905578972e+00
1.475075075075075e+03	1.478028405030285e+00
1.475875875875876e+03	1.478023911346950e+00
1.476676676676677e+03	1.478019424515322e+00
1.477477477477477e+03	1.478014944521787e+00
1.478278278278278e+03	1.478010471352763e+00
1.479079079079079e+03	1.478006004994705e+00
1.479879879879880e+03	1.478001545434097e+00
1.480680680680681e+03	1.477997092657457e+00
1.481481481481482e+03	1.477992646651333e+00
1.482282282282282e+03	1.477988207402310e+00
1.483083083083083e+03	1.477983774897001e+00
1.483883883883884e+03	1.477979349122054e+00
1.484684684684685e+03	1.477974930064148e+00
1.485485485485486e+03	1.477970517709993e+00
1.486286286286286e+03	1.477966112046333e+00
1.487087087087087e+03	1.477961713059943e+00
1.487887887887888e+03	1.477957320737629e+00
1.488688688688689e+03	1.477952935066230e+00
1.489489489489490e+03	1.477948556032615e+00
1.490290290290290e+03	1.477944183623687e+00
1.491091091091091e+03	1.477939817826377e+00
1.491891891891892e+03	1.477935458627650e+00
1.492692692692693e+03	1.477931106014502e+00
1.493493493493494e+03	1.477926759973958e+00
1.494294294294294e+03	1.477922420493077e+00
1.495095095095095e+03	1.477918087558947e+00
1.495895895895896e+03	1.477913761158689e+00
1.496696696696697e+03	1.477909441279451e+00
1.497497497497498e+03	1.477905127908415e+00
1.498298298298299e+03	1.477900821032793e+00
1.499099099099099e+03	1.477896520639827e+00
1.499899899899900e+03	1.477892226716790e+00
1.500700700700701e+03	1.477887939250984e+00
1.501501501501501e+03	1.477883658229744e+00
1.502302302302302e+03	1.477879383640433e+00
1.503103103103103e+03	1.477875115470445e+00
1.503903903903904e+03	1.477870853707203e+00
1.504704704704705e+03	1.477866598338160e+00
1.505505505505505e+03	1.477862349350803e+00
1.506306306306306e+03	1.477858106732642e+00
1.507107107107107e+03	1.477853870471222e+00
1.507907907907908e+03	1.477849640554115e+00
1.508708708708709e+03	1.477845416968924e+00
1.509509509509510e+03	1.477841199703281e+00
1.510310310310310e+03	1.477836988744847e+00
1.511111111111111e+03	1.477832784081313e+00
1.511911911911912e+03	1.477828585700397e+00
1.512712712712713e+03	1.477824393589851e+00
1.513513513513514e+03	1.477820207737450e+00
1.514314314314314e+03	1.477816028131003e+00
1.515115115115115e+03	1.477811854758346e+00
1.515915915915916e+03	1.477807687607343e+00
1.516716716716717e+03	1.477803526665888e+00
1.517517517517518e+03	1.477799371921902e+00
1.518318318318318e+03	1.477795223363338e+00
1.519119119119119e+03	1.477791080978174e+00
1.519919919919920e+03	1.477786944754417e+00
1.520720720720721e+03	1.477782814680106e+00
1.521521521521522e+03	1.477778690743302e+00
1.522322322322322e+03	1.477774572932100e+00
1.523123123123123e+03	1.477770461234620e+00
1.523923923923924e+03	1.477766355639011e+00
1.524724724724725e+03	1.477762256133450e+00
1.525525525525526e+03	1.477758162706141e+00
1.526326326326326e+03	1.477754075345318e+00
1.527127127127127e+03	1.477749994039239e+00
1.527927927927928e+03	1.477745918776194e+00
1.528728728728729e+03	1.477741849544498e+00
1.529529529529530e+03	1.477737786332494e+00
1.530330330330331e+03	1.477733729128552e+00
1.531131131131131e+03	1.477729677921070e+00
1.531931931931932e+03	1.477725632698474e+00
1.532732732732733e+03	1.477721593449216e+00
1.533533533533534e+03	1.477717560161776e+00
1.534334334334334e+03	1.477713532824660e+00
1.535135135135135e+03	1.477709511426402e+00
1.535935935935936e+03	1.477705495955562e+00
1.536736736736737e+03	1.477701486400728e+00
1.537537537537537e+03	1.477697482750514e+00
1.538338338338338e+03	1.477693484993561e+00
1.539139139139139e+03	1.477689493118536e+00
1.539939939939940e+03	1.477685507114135e+00
1.540740740740741e+03	1.477681526969076e+00
1.541541541541542e+03	1.477677552672108e+00
1.542342342342342e+03	1.477673584212003e+00
1.543143143143143e+03	1.477669621577562e+00
1.543943943943944e+03	1.477665664757609e+00
1.544744744744745e+03	1.477661713740998e+00
1.545545545545546e+03	1.477657768516605e+00
1.546346346346346e+03	1.477653829073336e+00
1.547147147147147e+03	1.477649895400120e+00
1.547947947947948e+03	1.477645967485912e+00
1.548748748748749e+03	1.477642045319695e+00
1.549549549549550e+03	1.477638128890475e+00
1.550350350350350e+03	1.477634218187286e+00
1.551151151151151e+03	1.477630313199186e+00
1.551951951951952e+03	1.477626413915259e+00
1.552752752752753e+03	1.477622520324615e+00
1.553553553553554e+03	1.477618632416387e+00
1.554354354354354e+03	1.477614750179737e+00
1.555155155155155e+03	1.477610873603849e+00
1.555955955955956e+03	1.477607002677935e+00
1.556756756756757e+03	1.477603137391229e+00
1.557557557557558e+03	1.477599277732992e+00
1.558358358358358e+03	1.477595423692509e+00
1.559159159159159e+03	1.477591575259092e+00
1.559959959959960e+03	1.477587732422074e+00
1.560760760760761e+03	1.477583895170817e+00
1.561561561561562e+03	1.477580063494705e+00
1.562362362362363e+03	1.477576237383146e+00
1.563163163163163e+03	1.477572416825576e+00
1.563963963963964e+03	1.477568601811452e+00
1.564764764764765e+03	1.477564792330257e+00
1.565565565565566e+03	1.477560988371498e+00
1.566366366366366e+03	1.477557189924706e+00
1.567167167167167e+03	1.477553396979437e+00
1.567967967967968e+03	1.477549609525271e+00
1.568768768768769e+03	1.477545827551812e+00
1.569569569569569e+03	1.477542051048687e+00
1.570370370370370e+03	1.477538280005548e+00
1.571171171171171e+03	1.477534514412072e+00
1.571971971971972e+03	1.477530754257957e+00
1.572772772772773e+03	1.477526999532927e+00
1.573573573573574e+03	1.477523250226728e+00
1.574374374374374e+03	1.477519506329133e+00
1.575175175175175e+03	1.477515767829934e+00
1.575975975975976e+03	1.477512034718950e+00
1.576776776776777e+03	1.477508306986022e+00
1.577577577577578e+03	1.477504584621015e+00
1.578378378378378e+03	1.477500867613816e+00
1.579179179179179e+03	1.477497155954337e+00
1.579979979979980e+03	1.477493449632511e+00
1.580780780780781e+03	1.477489748638298e+00
1.581581581581582e+03	1.477486052961677e+00
1.582382382382382e+03	1.477482362592652e+00
1.583183183183183e+03	1.477478677521250e+00
1.583983983983984e+03	1.477474997737519e+00
1.584784784784785e+03	1.477471323231533e+00
1.585585585585586e+03	1.477467653993387e+00
1.586386386386386e+03	1.477463990013198e+00
1.587187187187187e+03	1.477460331281106e+00
1.587987987987988e+03	1.477456677787276e+00
1.588788788788789e+03	1.477453029521892e+00
1.589589589589590e+03	1.477449386475163e+00
1.590390390390390e+03	1.477445748637319e+00
1.591191191191191e+03	1.477442115998612e+00
1.591991991991992e+03	1.477438488549318e+00
1.592792792792793e+03	1.477434866279735e+00
1.593593593593594e+03	1.477431249180181e+00
1.594394394394395e+03	1.477427637240999e+00
1.595195195195195e+03	1.477424030452551e+00
1.595995995995996e+03	1.477420428805225e+00
1.596796796796797e+03	1.477416832289426e+00
1.597597597597598e+03	1.477413240895586e+00
1.598398398398399e+03	1.477409654614154e+00
1.599199199199199e+03	1.477406073435604e+00
1.600000000000000e+03	1.477402497350432e+00
